timestamp;l_x_0;l_x_1;l_x_2;l_x_3;l_x_4;l_x_5;l_x_6;l_x_7;l_x_8;l_x_9;l_x_10;l_x_11;l_x_12;l_x_13;l_x_14;l_x_15;l_x_16;l_x_17;l_x_18;l_x_19;l_x_20;l_y_0;l_y_1;l_y_2;l_y_3;l_y_4;l_y_5;l_y_6;l_y_7;l_y_8;l_y_9;l_y_10;l_y_11;l_y_12;l_y_13;l_y_14;l_y_15;l_y_16;l_y_17;l_y_18;l_y_19;l_y_20;l_z_0;l_z_1;l_z_2;l_z_3;l_z_4;l_z_5;l_z_6;l_z_7;l_z_8;l_z_9;l_z_10;l_z_11;l_z_12;l_z_13;l_z_14;l_z_15;l_z_16;l_z_17;l_z_18;l_z_19;l_z_20;r_x_0;r_x_1;r_x_2;r_x_3;r_x_4;r_x_5;r_x_6;r_x_7;r_x_8;r_x_9;r_x_10;r_x_11;r_x_12;r_x_13;r_x_14;r_x_15;r_x_16;r_x_17;r_x_18;r_x_19;r_x_20;r_y_0;r_y_1;r_y_2;r_y_3;r_y_4;r_y_5;r_y_6;r_y_7;r_y_8;r_y_9;r_y_10;r_y_11;r_y_12;r_y_13;r_y_14;r_y_15;r_y_16;r_y_17;r_y_18;r_y_19;r_y_20;r_z_0;r_z_1;r_z_2;r_z_3;r_z_4;r_z_5;r_z_6;r_z_7;r_z_8;r_z_9;r_z_10;r_z_11;r_z_12;r_z_13;r_z_14;r_z_15;r_z_16;r_z_17;r_z_18;r_z_19;r_z_20;r_handedness_confidence;l_handedness_confidence
1764173038.141292;0.5964213609695435;0.5533967018127441;0.5106842517852783;0.4789829850196838;0.4680689573287964;0.5348265171051025;0.4923680424690246;0.4803333282470703;0.4762713313102722;0.551508903503418;0.5022689700126648;0.4916654825210571;0.4921615421772003;0.5634899735450745;0.5161836743354797;0.507779061794281;0.5088033080101013;0.5699952244758606;0.529183566570282;0.5221429467201233;0.5241754651069641;0.3622912764549255;0.3550789654254913;0.384462833404541;0.4268471598625183;0.4619981050491333;0.464356005191803;0.5007661581039429;0.4826390743255615;0.4672594368457794;0.4996020495891571;0.5312213897705078;0.5116677284240723;0.4969911873340606;0.521415650844574;0.5472219586372375;0.5269888639450073;0.5121539831161499;0.5327825546264648;0.5518910884857178;0.5351485013961792;0.5213589668273926;1.3696865153178805e-07;-0.0137721691280603;-0.020867682993412;-0.0243818033486604;-0.0255104731768369;-0.0235930103808641;-0.0329013615846633;-0.0368904769420623;-0.0381578654050827;-0.0189130753278732;-0.0259171333163976;-0.0259119775146245;-0.0253498572856187;-0.0143533861264586;-0.0179424677044153;-0.0132611757144331;-0.0102119660004973;-0.0110567761585116;-0.0127590065822005;-0.0080933235585689;-0.0040950155816972;0.3596479892730713;0.4121128916740417;0.4502232372760772;0.4774084985256195;0.495468258857727;0.4426860809326172;0.4794875085353851;0.4792371988296509;0.4684686958789825;0.4201143980026245;0.4600687026977539;0.4603267014026642;0.4497862756252289;0.4002540707588196;0.4387003779411316;0.4376974701881408;0.4272135496139526;0.3849536478519439;0.4162710607051849;0.416259229183197;0.4083700478076935;0.3749342560768127;0.3744291067123413;0.4133356511592865;0.4701892733573913;0.5168171525001526;0.5070550441741943;0.553704559803009;0.5177553296089172;0.4906404018402099;0.5392680168151855;0.5575813055038452;0.5252507925033569;0.5041873455047607;0.5533718466758728;0.5624040365219116;0.5350669622421265;0.5114626884460449;0.560221254825592;0.5655139684677124;0.541167676448822;0.5229530930519104;-3.31299219169523e-07;-0.006477584131062;-0.0098308185115456;-0.011120487935841;-0.00920688547194;-0.0075453119352459;-0.003554290626198;0.0030076601542532;0.0072875791229307;-0.0027674257289618;0.0019575406331568;0.0062021585181355;0.0070476690307259;0.0026882840320467;0.0055762603878974;0.0103743551298975;0.0114911720156669;0.0081202816218137;0.009368797764182;0.0134818982332944;0.0162702705711126;0.9740047454833984;0.9866926074028016
1764173038.174625;0.5959463575288132;0.5531234107482308;0.510036080756657;0.47845146991558696;0.4678244690496111;0.5345932258958137;0.49179462865176693;0.47937895605633224;0.47506776497502834;0.5515154256676341;0.5019271755841216;0.49095341079492544;0.4911908645759218;0.5634725948670049;0.5157288565802033;0.5071767935922948;0.5081987487947355;0.5698374954285824;0.5286170670726839;0.5215590685444556;0.5236458282210434;0.3627400364405897;0.3550912151231568;0.3848675584618661;0.4277239884742686;0.4632437764951397;0.4641579976525379;0.5009784173976106;0.48328142494181275;0.46787734998598024;0.4994917610306474;0.5318680953761565;0.5124360641364484;0.49778994605293875;0.5214689220655927;0.5479461871821139;0.527512701058318;0.5124637446368973;0.5328653407045377;0.5524401473859657;0.535544371996388;0.5216285220953137;1.4251264339579997e-07;-0.014107875149847305;-0.021253613614117744;-0.024665158876230386;-0.025682363679567062;-0.024690803105137177;-0.034143917716867936;-0.03800264525929918;-0.039118761050021954;-0.01979090754796218;-0.027004459102290553;-0.02679334106868141;-0.026051016383548883;-0.014982825605229946;-0.018805978510910967;-0.014014061598827437;-0.010845804005660244;-0.011442835455222209;-0.01337045077006687;-0.008747714894913865;-0.004757023473292098;0.3594291974953073;0.41193406879186184;0.4502837324131581;0.477650571952864;0.4957605385016038;0.4427116329557172;0.47928049174080245;0.47918600190453003;0.46856825176219974;0.4200672155108582;0.45984242900692546;0.46028014842358334;0.4498539017994512;0.4001104489876229;0.43844287629315426;0.43759798654408416;0.4271724661713188;0.38469707499317457;0.4159225067551835;0.4160690647527995;0.4082178914956633;0.37491925097116346;0.3744424606371763;0.413163257562402;0.4697235062093406;0.5161493117800818;0.50742847935509;0.5538207203732893;0.5178338845361536;0.4905459439777565;0.5394856630862597;0.558079590594056;0.5258681690097932;0.5045570036095438;0.553502393158997;0.5627917131373299;0.5355730904412047;0.5117283015197721;0.5601836079030279;0.5653542992829775;0.5411969642685143;0.5228438468012897;-3.3128292114112336e-07;-0.00636877115415687;-0.009739686230450876;-0.011090674447256777;-0.009252766691326342;-0.007423388356928545;-0.0033983586086643474;0.003112861253751273;0.007325726398431051;-0.0027341733822101423;0.0020600096250254084;0.006270825065269294;0.007051636057131329;0.002648212340781957;0.00564600923245551;0.01041800241774088;0.011465117220908812;0.008005656617441065;0.009330978951115123;0.013426058007126086;0.01616902158256826;0.9755073406640973;0.9867066630794826
1764173038.207958;0.5954713540880829;0.5528501196837176;0.5093879097280356;0.4779199548114901;0.46757998077042584;0.5343599346865248;0.4912212148345093;0.4784245838655941;0.4738641986397844;0.5515219478318503;0.5015853811555784;0.4902413390687938;0.49022018697464337;0.5634552161889351;0.5152740388249268;0.5065745253903088;0.5075941895793696;0.5696797663813042;0.5280505675750857;0.5209751903687878;0.5231161913351228;0.363188796426254;0.3551034648208223;0.3852722835191911;0.428600817086019;0.46448944794114616;0.4639599901132729;0.5011906766912784;0.48392377555806404;0.46849526312618106;0.4993814724721377;0.5325148009818054;0.5132043998488245;0.4985887047718168;0.5215221932866114;0.5486704157269902;0.5280365381716289;0.5127735061576446;0.5329481267826106;0.5529892062862136;0.5359402425965969;0.5218980773632348;1.4805663525981188e-07;-0.014443581171634311;-0.021639544234823484;-0.02494851440380037;-0.025854254182297226;-0.025788595829410253;-0.03538647384907257;-0.03911481357653606;-0.040079656694961205;-0.02066873976805116;-0.028091784888183507;-0.02767470462273832;-0.02675217548147907;-0.015612265084001294;-0.019669489317406634;-0.014766947483221772;-0.011479642010823188;-0.01182889475193282;-0.013981894957933241;-0.00940210623125883;-0.005419031364886997;0.3592104057175432;0.411755245909682;0.45034422755023906;0.4778926453801085;0.49605281814548063;0.44273718497881726;0.4790734749462198;0.4791348049794092;0.46866780764541704;0.4200200330190919;0.459616155316097;0.46023359544450243;0.4499215279736735;0.3999668272164261;0.43818537464517693;0.43749850290002756;0.42713138272868506;0.3844405021344053;0.41557395280518217;0.415878900322402;0.40806573518363304;0.3749042458655143;0.37445581456201127;0.4129908639655175;0.4692577390612899;0.5154814710600111;0.5078019145359857;0.5539368809435695;0.51791243946339;0.4904514861153032;0.5397033093573338;0.5585778756842666;0.5264855455162294;0.504926661714327;0.553632939642121;0.5631793897527482;0.536079218640283;0.5119939145934993;0.5601459609804637;0.5651946300982426;0.5412262520882064;0.522734600550669;-3.312666231127238e-07;-0.0062599581772517406;-0.009648553949356153;-0.011060860958672555;-0.009298647910712686;-0.007301464778611191;-0.003242426591130695;0.0032180623532493454;0.007363873673931401;-0.0027009210354584845;0.002162478616894017;0.006339491612403088;0.007055603083536758;0.002608140649517214;0.005715758077013621;0.010461649705584256;0.011439062426150727;0.00789103161306843;0.009293160138048243;0.013370217780957771;0.016067772594023914;0.977009935844796;0.9867207187561636
1764173038.241291;0.594949605998126;0.5525077989721019;0.5087126652410465;0.47737388858579155;0.4673012793473964;0.5339655151509759;0.4905226342053902;0.4772199042354683;0.47229650838046766;0.5514071148023042;0.5012474223325325;0.4894443160670122;0.48906719125076437;0.5633942635813274;0.5149263946690957;0.5059921596687862;0.5069209955112512;0.569549367850873;0.5276488373994326;0.5204773320491006;0.5225902603529391;0.3633624961197588;0.3548394327633743;0.38555559002205025;0.4293776890036588;0.46572292798627296;0.46366832189307977;0.5016202529977375;0.4852768798069848;0.47016274463535557;0.4991275148161649;0.5332416623097871;0.5142137316735806;0.49971578318291043;0.5213275598964884;0.5493705620702878;0.5285847576466582;0.5130868309363749;0.5326885880969395;0.5533751024458412;0.5362335723935376;0.5220441508295772;1.5512689666181999e-07;-0.014701130681856365;-0.021881697713073273;-0.025035995399859762;-0.025797704746913227;-0.026692625714115435;-0.03633222961476565;-0.03988940931495178;-0.04068895671767907;-0.021357308101442863;-0.028879396203752215;-0.02824787375118575;-0.027150438952474255;-0.016048136671344745;-0.02024963188771824;-0.01522928711345492;-0.011831342008834088;-0.012010624918279691;-0.014336950978722104;-0.009781304523128928;-0.005792841215143147;0.3585648628538805;0.4112146508219522;0.45001997222296397;0.4776844050709515;0.49594175793642525;0.4418709333289714;0.4781459675329403;0.47836892622344634;0.46792535676171726;0.41902064348240964;0.45863750853588936;0.4594937258284794;0.4492098709003313;0.3988720958239754;0.43715129267930475;0.43675565519891885;0.42642286605381186;0.38329083025896554;0.41448061964800753;0.4150752702781053;0.4072634351230168;0.3751010011653498;0.374751652582834;0.41339228359163716;0.46954755346277527;0.51549008207834;0.5083836486999401;0.5550074231989321;0.5186788545064486;0.4909398905194018;0.5401130383040903;0.5603398718095737;0.5281061678531012;0.5062435640138956;0.5539786027534218;0.5649564280311784;0.5377404269526944;0.5134101556246308;0.5603407019559754;0.5662083647306594;0.5423658923218173;0.5237288014868792;-3.3317912907728777e-07;-0.006115579639028354;-0.00951767541654601;-0.011009779929931776;-0.009352589333680765;-0.007366431731049629;-0.0035063022557932804;0.002734784075729336;0.006738951201228466;-0.0029278754351037485;0.0018214755842440632;0.005930168064903864;0.0066089069967007075;0.0022371628180606184;0.00534113967530596;0.010130074107517454;0.01112702156580803;0.007377372469713763;0.008828931313297709;0.012962727080347541;0.01567807635885826;0.9787498511624951;0.9867095134678483
1764173038.274624;0.5940577774278328;0.5516189659776983;0.5078230783931079;0.47671262016773847;0.4667517102011714;0.5322954319969303;0.48883309964631355;0.4740335240485407;0.46784602492553073;0.5503315046754502;0.5009398302519543;0.4879747281959311;0.4864707708889432;0.5629883332909184;0.5154272509901765;0.5055673632017483;0.5057044147733306;0.569635346830378;0.5285515968459849;0.5206604986198828;0.5220936692558069;0.36135852528353507;0.3523880597731847;0.38487761779671903;0.4293631971613588;0.4668598879041097;0.462635135865827;0.5037703424711427;0.4922570675858851;0.48013972835622726;0.4977361194111011;0.5346031217942064;0.5171310456632247;0.5034421903173685;0.5191702492997468;0.5498800480305206;0.5293260138924374;0.5134283662642842;0.5297188416101032;0.5524692283938939;0.5357150798673853;0.5212126107038425;1.7428073496699522e-07;-0.014339909919549563;-0.020985558042876256;-0.023572724771807243;-0.023932581208961936;-0.026062622379518688;-0.034928197243863174;-0.037991420614618;-0.03851465093934893;-0.02054746172303902;-0.027294148230056797;-0.026381047223381703;-0.025150657706867544;-0.014951518456707514;-0.01858632938584393;-0.01339135282831316;-0.009949336739291763;-0.010574667842077605;-0.0126621649193168;-0.007981781276407248;-0.0038849681062864453;0.35454070341130256;0.4078098812497266;0.4466496220160917;0.47391100112005424;0.4926374294286284;0.43394421300285485;0.47151428822714925;0.4719448641327014;0.4605166826011073;0.41048256777756503;0.4517022742335831;0.4532648225312004;0.4423285768022877;0.39024736663909426;0.42996897296173875;0.4309192516961732;0.4204302363250389;0.375070434385294;0.4074908202365345;0.40941479238455464;0.40131390399437644;0.37697427760448554;0.3772839358794175;0.4183366204650787;0.4758193569776777;0.520854206260461;0.5106144996928573;0.5636338683925182;0.5248911035920768;0.4960428540472324;0.5420434985015148;0.572106751800947;0.5376695537995817;0.5150598612688253;0.5560273584411067;0.5777331345093415;0.5485464809370608;0.5239359943146942;0.5623752732942495;0.5765120150103729;0.5522962660721428;0.5334590668001333;-3.5036210385479195e-07;-0.005689626198997185;-0.009072123179478845;-0.010790322378810597;-0.009470343921630823;-0.00891102337928477;-0.007093823112915537;-0.0024075243606850303;0.0008644616664079579;-0.0052149038600343214;-0.0020305248045535715;0.0017365653166067953;0.002594281228568857;-0.0007536208164968627;0.0014484363876542932;0.00682783409870923;0.008550810104731944;0.003704533649806712;0.004988786216756388;0.0097711963100306;0.013004724189871447;0.9823686457048154;0.9864983154485103
1764173038.307957;0.5931659488575398;0.5507301329832949;0.5069334915451693;0.4760513517496853;0.46620214105494645;0.5306253488428847;0.48714356508723683;0.47084714386161314;0.46339554147059386;0.5492558945485962;0.5006322381713761;0.4865051403248499;0.483874350527122;0.5625824030005093;0.5159281073112574;0.5051425667347106;0.5044878340354101;0.5697213258098831;0.529454356292537;0.520843665190665;0.5215970781586748;0.35935455444731135;0.3499366867829951;0.38419964557138786;0.4293487053190587;0.46799684782194645;0.4616019498385743;0.5059204319445479;0.4992372553647854;0.49011671207709895;0.4963447240060372;0.5359645812786258;0.5200483596528686;0.5071685974518265;0.5170129387030051;0.5503895339907534;0.5300672701382164;0.5137699015921936;0.5267490951232667;0.5515633543419466;0.5351965873412329;0.5203810705781078;1.9343457327217042e-07;-0.013978689157242761;-0.020089418372679236;-0.02210945414375472;-0.022067457671010645;-0.025432619044921938;-0.0335241648729607;-0.03609343191428422;-0.036340345161018785;-0.019737615344635175;-0.025708900256361383;-0.024514220695577658;-0.023150876461260836;-0.013854900242070284;-0.016923026883969617;-0.011553418543171398;-0.008067331469749438;-0.009138710765875519;-0.010987378859911495;-0.006182258029685566;-0.0019770949974297425;0.35051654396872467;0.4044051116775011;0.44327927180921944;0.470137597169157;0.4893331009208316;0.42601749267673833;0.46488260892135813;0.4655208020419565;0.45310800844049737;0.40194449207272037;0.4447670399312768;0.4470359192339213;0.4354472827042441;0.38162263745421315;0.4227866532441728;0.4250828481934275;0.41443760659626594;0.3668500385116225;0.4005010208250615;0.40375431449100396;0.3953643728657361;0.37884755404362125;0.37981621917600106;0.4232809573385202;0.4820911604925801;0.5262183304425819;0.5128453506857745;0.5722603135861042;0.531103352677705;0.501145817575063;0.5439739586989393;0.5838736317923204;0.5472329397460622;0.5238761585237551;0.5580761141287917;0.5905098409875045;0.5593525349214271;0.5344618330047576;0.5644098446325236;0.5868156652900862;0.5622266398224682;0.5431893321133874;-3.675450786322962e-07;-0.0052636727589660155;-0.00862657094241168;-0.01057086482768942;-0.00958809850958088;-0.010455615027519911;-0.010681343970037794;-0.007549832797099396;-0.00501002786841255;-0.007501932284964895;-0.005882525193351206;-0.0024570374316902725;-0.0014203445395629946;-0.0037444044510543434;-0.002444266899997374;0.003525594089901004;0.00597459864365586;3.169482989966166e-05;0.0011486411202150677;0.006579665539713656;0.010331372020884631;0.9859874402471356;0.9862871174291723
1764173038.34129;0.5919778700086588;0.549439045596864;0.5057741980637943;0.4751003775398802;0.4651525800537398;0.5290141576581285;0.4855564409900835;0.46792456153856393;0.45965057113976737;0.548338511081531;0.5002656452957425;0.48499803019249943;0.48148755987279185;0.5623383039196397;0.5164019033127584;0.5045605803548673;0.5032025638465584;0.5699718147265316;0.5304580428326211;0.5209779715650189;0.5209869778582312;0.357760456881939;0.3481825098938243;0.3840955561415233;0.4302118271231597;0.47037340730666877;0.4615738430521813;0.5095512103930545;0.5065692087998607;0.4995129953128946;0.4958809703183006;0.5386424714642479;0.5236964161226952;0.5110974149178084;0.515610910118708;0.5518659806959562;0.531593544359677;0.5146282047204583;0.5243199939869391;0.5512701547890523;0.535322750402094;0.5201897417067309;2.1452678303155688e-07;-0.01387015498533514;-0.019656646139604026;-0.02124487204863899;-0.020847335655861225;-0.025206490319993603;-0.03244135383644899;-0.03425197159144886;-0.03398734796850519;-0.01917722133198603;-0.024294502998448413;-0.022660136698998516;-0.021047328232397227;-0.012856774661544687;-0.015289032476271749;-0.00973512966653621;-0.0062180615245627175;-0.00765499006374038;-0.009273373323376737;-0.004421164042093571;-0.00016840017711082533;0.34621207950039423;0.40031347367267767;0.4389698690469006;0.4651800234391833;0.48433693909615766;0.4165474306098066;0.45616723796021297;0.45802600711535496;0.44570018531376865;0.39203514015390034;0.436032059030402;0.4398815126862433;0.42848199233761264;0.3720862313824226;0.41436368969581594;0.4186833005640584;0.4086063925684803;0.35821090972397107;0.39287442338087136;0.39800706212030074;0.3900478983649701;0.38152798845376606;0.38343732946794234;0.42972187828859587;0.4904108964016499;0.5344684682668366;0.5163018849729545;0.5828710929944226;0.5408933450134923;0.5101124765955103;0.5468451240110447;0.5978002243759459;0.5598390144894078;0.5355963708643116;0.560863024369649;0.6049847780729315;0.5725976270068087;0.5473888241958893;0.5670415776108769;0.5986138482171052;0.5743797130912414;0.5551644429568857;-3.738452238689822e-07;-0.005835275067189804;-0.00955851107074697;-0.011821447436750914;-0.011185298424352178;-0.013197282897161322;-0.015576746255351125;-0.013787651120239594;-0.011752795249789042;-0.010452989246135061;-0.010679326094147212;-0.007435878505184698;-0.005974853471220086;-0.006927656485442091;-0.006866559482427647;-0.00035836899725981593;0.0029427011518690068;-0.003418790169959776;-0.002757923010444782;0.0031620892159820264;0.007422319340749183;0.9892634916425352;0.9861920124641134
1764173038.374623;0.5883331253647068;0.5448122495976992;0.5023783528930008;0.4717470079209529;0.4599568191103696;0.5278913301881589;0.484818559229726;0.46718953222674453;0.4617560930624383;0.5487332277239534;0.4994097862638521;0.48317976539641816;0.480839130898587;0.5634361958031169;0.5166513006678434;0.5026750911261498;0.501347683983789;0.5715865080498588;0.5322986708252404;0.5207071030518476;0.5194355985199082;0.3595652477483806;0.3522098560533171;0.388750409861762;0.43835259078021277;0.483029389548619;0.4698803910182646;0.52546065394732;0.5168181912400206;0.5040937994690862;0.5031097180111547;0.5522369092752096;0.5334041801635196;0.5167047271362453;0.5204720840348375;0.561360983193464;0.5396296075965742;0.5197718229045533;0.526374213326086;0.5560575799447985;0.540794742461887;0.5253073870503197;2.516930058598893e-07;-0.0158570332007693;-0.023066364582832594;-0.025344935549054988;-0.02497591132426612;-0.028329505919246066;-0.034022281948491016;-0.032879274815817996;-0.030152545975031895;-0.02068541978571339;-0.024296891275815264;-0.020911720588208543;-0.018083288666141742;-0.012675402693679757;-0.013898076464436849;-0.008079751026942219;-0.004640250401349977;-0.005775187823260165;-0.007234138901239849;-0.0029787460297066677;0.0008178552172412173;0.33958317580373737;0.39052595517072997;0.42687334012984907;0.450402680405771;0.46531119032782536;0.3942791531864647;0.4301727810802935;0.4416521227038575;0.43829941941526124;0.3707544322771248;0.4123726165237131;0.42505233806976;0.4208201599763647;0.35498971284457087;0.3956526437952793;0.40761386057150006;0.4041137238858438;0.34609942360404006;0.37996715598153097;0.39154022936330457;0.38998106808885913;0.39090180856483836;0.3960875756951961;0.4485732750297437;0.5157131833056013;0.5666509751424554;0.5299224408399845;0.6099370332706271;0.5803518983649958;0.5511189656020109;0.5575171193831243;0.6296363091560263;0.5976766924836616;0.5713974006024127;0.569771107055972;0.6335423518562625;0.6060685278380845;0.5802274564704957;0.5746252943723434;0.6228054953857495;0.6049645998446007;0.5857550138622408;-2.8989912456560426e-07;-0.014679143302367977;-0.021913354810125532;-0.025262389481469395;-0.025050850448029703;-0.02586574719460045;-0.03131780102058605;-0.029110023489062636;-0.025695787037429633;-0.01891052606516703;-0.023310918280387893;-0.01892633585018262;-0.015006362416138334;-0.011706959456047208;-0.015680489811560738;-0.009066291054530537;-0.00386798868493908;-0.005025398341355584;-0.0072152693042078705;-0.0021299777642596997;0.0025587119294607627;0.9896973335063594;0.9870596132114403
1764173038.407956;0.5846883807207549;0.5401854535985345;0.49898250772220715;0.46839363830202563;0.45476105816699947;0.5267685027181893;0.4840806774693685;0.4664545029149251;0.4638616149851092;0.5491279443663758;0.4985539272319617;0.48136150060033694;0.48019070192438207;0.564534087686594;0.5169006980229283;0.5007896018974324;0.49949280412101965;0.5732012013731859;0.5341392988178597;0.5204362345386764;0.5178842191815851;0.36137003861482214;0.3562372022128099;0.3934052635820008;0.44649335443726584;0.49568537179056926;0.478186938984348;0.5413700975015856;0.5270671736801806;0.5086746036252776;0.5103384657040088;0.5658313470861714;0.543111944204344;0.5223120393546823;0.5253332579509669;0.5708559856909718;0.5476656708334714;0.5249154410886483;0.528428432665233;0.5608450051005447;0.5462667345216798;0.5304250323939084;2.888592286882218e-07;-0.01784391141620346;-0.02647608302606116;-0.029444999049470986;-0.02910448699267102;-0.031452521518498526;-0.03560321006053304;-0.03150657804018713;-0.026317743981558603;-0.02219361823944075;-0.024299279553182118;-0.019163304477418566;-0.015119249099886253;-0.012494030725814826;-0.012507120452601949;-0.006424372387348228;-0.003062439278137236;-0.0038953855827799505;-0.0051949044791029615;-0.0015363280173197641;0.00180411061159326;0.33295427210708045;0.38073843666878227;0.4147768112127975;0.4356253373723587;0.446285441559493;0.37201087576312286;0.40417832420037403;0.42527823829236;0.4308986535167538;0.3494737244003493;0.3887131740170242;0.41022316345327664;0.41315832761511667;0.3378931943067192;0.37694159789474263;0.3965444205789417;0.3996210552032073;0.3339879374841091;0.3670598885821906;0.3850733966063084;0.38991423781274814;0.40027562867591066;0.40873782192244984;0.4674246717708915;0.5410154702095528;0.5988334820180743;0.5435429967070144;0.6370029735468317;0.6198104517164993;0.5921254546085116;0.568189114755204;0.6614723939361067;0.6355143704779156;0.6071984303405139;0.5786791897422949;0.6620999256395936;0.6395394286693603;0.613066088745102;0.5822090111338099;0.6469971425543938;0.6355494865979601;0.6163455847675959;-2.0595302526222634e-07;-0.023523011537546146;-0.03426819854950409;-0.03870333152618788;-0.038916402471707225;-0.038534211492039575;-0.047058855785820974;-0.04443239585788568;-0.03963877882507023;-0.027368062884198994;-0.03594251046662858;-0.030416793195180546;-0.024037871361056583;-0.016486262426652326;-0.024494420140693828;-0.017774213111801253;-0.010678678521747167;-0.006632006512751392;-0.01167261559797096;-0.007422044744501425;-0.002304895481827657;0.9901311753701834;0.9879272139587673
1764173038.4412892;0.5804526159497828;0.5344537147082353;0.4948907016457561;0.46554749452869115;0.4508357894888443;0.5244380728889358;0.48424832172208027;0.46728246050342154;0.4664646083782405;0.5485038348152367;0.49970692670845795;0.4820776683726179;0.4811558401021014;0.5651172314597129;0.5193473611762719;0.5017962976674241;0.4998072500435464;0.574807216062615;0.5379231107712698;0.5227242118923475;0.5185692688464736;0.3655760146051011;0.3658845676575364;0.4067370967400683;0.4641364301122518;0.517529776601479;0.49193939326600694;0.561478648747155;0.5460991121672292;0.5261005111439055;0.5221921593829575;0.5832808051944873;0.5614811508699048;0.5401648170741677;0.534753565846194;0.5851921107283711;0.5645864316459118;0.5423687858158877;0.5354625837486977;0.5722795934536026;0.5609220167554737;0.5467973863821627;3.24125482445153e-07;-0.018464156697459874;-0.027510552216094723;-0.03060712674559516;-0.030081899392735322;-0.031266650018194904;-0.03379678797378671;-0.027817321203586768;-0.021172244076419038;-0.02119828427703427;-0.021680757204363743;-0.015619073452574406;-0.010984055407432785;-0.010716408572897644;-0.009549167406296842;-0.0037299162964503033;-0.0007029597649797529;-0.001284726953826238;-0.0022900695697793553;0.000749820813303081;0.0036695273213137912;0.3267717697063528;0.3702128212812192;0.4009924239369534;0.4188085203554078;0.42552205301944573;0.35264182162114055;0.3794145331678158;0.40632748477779934;0.4184394668518998;0.33239726089055593;0.36710111503169085;0.39412725451083447;0.4024568906133509;0.32472580492301445;0.3600322206877779;0.38449399195893175;0.3925521624052565;0.32465815275178045;0.355466632568546;0.3774291242444357;0.3868058390837104;0.4111053589148263;0.42574243611787915;0.49043753499983384;0.5692212787624439;0.6327790785737628;0.5610298185135946;0.6636138781087845;0.6599647937282974;0.6376301725469293;0.581586183233695;0.6892162654696197;0.6727428314755494;0.6472195936790877;0.5896222987924222;0.6864753211384108;0.6714607724492122;0.6481633122443885;0.5916381311164973;0.6680763408053577;0.6637543599527737;0.647071948306446;-1.0675830874385166e-07;-0.030044600330923543;-0.042898295753043825;-0.04791346839808694;-0.04838000325460757;-0.044363953958257075;-0.05436539618946977;-0.051787242839434165;-0.04646024789153919;-0.02999004162087592;-0.04057194529306984;-0.03474196951705614;-0.027168508026103686;-0.016562335268109837;-0.02673529756566598;-0.020363806036659;-0.012356509207445049;-0.004664442340861289;-0.011361706434885;-0.007888999620884827;-0.0026702895251322946;0.9672168147715561;0.989323469699874
1764173038.4746222;0.5742868611848023;0.5251136874081289;0.4885261896620358;0.4643579209078876;0.451059769802773;0.5181639822303995;0.4873731893872722;0.47321472808449766;0.4706921379746211;0.544552505824659;0.5074203343408491;0.4910706563511904;0.48739046664419733;0.564019313321656;0.5289696827351474;0.5122481370200245;0.5072061789019773;0.5763848358183464;0.5480527675069985;0.5333686858851537;0.5265579321827837;0.37762354255150016;0.39388524050181034;0.4484054089456843;0.5128111801457736;0.5693806311227592;0.5234764096203811;0.5952998111363719;0.5938134369286702;0.5854748480188955;0.5491494195009111;0.6133192553701383;0.6081359320800059;0.598007737967182;0.5590625938064354;0.615337701207439;0.6105219111177561;0.600022147820747;0.5587597567771726;0.605421834197319;0.605567223062878;0.5999243598233348;3.531857414711407e-07;-0.0146212890952195;-0.02078799804665111;-0.022174628742508144;-0.02076834282891337;-0.02027475978638006;-0.020928158745318108;-0.01656286046642138;-0.01174649043236468;-0.012027051676312902;-0.01050306055537832;-0.006210261453364091;-0.0030242911238959978;-0.003725877698168253;-0.0014738780203546777;0.0023578271158894533;0.004209182318736586;0.003712646311805607;0.0034415119694031003;0.005791315494279778;0.008406011097751749;0.3220473084956988;0.3572771048475845;0.3816963511595167;0.39533182561083136;0.39908463356552426;0.3427415639223895;0.3586706103740006;0.37896192098554793;0.3894611098133784;0.3290514018867826;0.35217602338359355;0.37389502501276595;0.38182919075126603;0.32439043224719083;0.349007211565836;0.3692402865760382;0.3770701764406765;0.3244130374895895;0.3481649996785979;0.3659398693999215;0.37376451540175626;0.4266893846410209;0.45696680565092523;0.5270399871589979;0.6069083625821532;0.672481387423761;0.5911423567104348;0.6887378743021084;0.7023900976871142;0.6978235272345048;0.603882242357942;0.7035950495590774;0.7079805174911339;0.7010213813351216;0.6072109531492067;0.6971919354975026;0.6983205919708437;0.6906353984883187;0.6070935826934781;0.6789903432396431;0.6841857612693882;0.6782407711073121;4.223145310748147e-08;-0.028981972590908796;-0.039363989085014935;-0.04330651730693385;-0.043467586114351864;-0.027859894276461093;-0.034126613694391135;-0.03312183836140796;-0.030024323025157323;-0.013554413429882277;-0.019068118302938145;-0.015666929658704788;-0.011028220730223658;-0.0012787937645669933;-0.007510100866152357;-0.0029723312499330724;0.0027283913822454577;0.008975439623714594;0.004521161385368353;0.007401709698639569;0.011654405108281024;0.8680536237474795;0.992446139021907
1764173038.5079553;0.5681211064198218;0.5157736601080224;0.4821616776783155;0.463168347287084;0.45128375011670174;0.5118898915718632;0.4904980570524641;0.47914699566557384;0.47491966757100174;0.5406011768340814;0.5151337419732404;0.5000636443297629;0.4936250931862933;0.5629213951835992;0.538592004294023;0.5226999763726248;0.5146051077604081;0.5779624555740779;0.5581824242427272;0.54401315987796;0.5345465955190938;0.3896710704978992;0.42188591334608433;0.4900737211513003;0.5614859301792956;0.6212314856440392;0.5550134259747553;0.6291209735255887;0.6415277616901112;0.6448491848938855;0.5761066796188646;0.6433577055457893;0.6547907132901072;0.6558506588601962;0.5833716217666767;0.645483291686507;0.6564573905896003;0.6576755098256064;0.5820569298056475;0.6385640749410354;0.6502124293702825;0.6530513332645069;3.822460004971284e-07;-0.010778421492979126;-0.0140654438772075;-0.013742130739421127;-0.011454786265091419;-0.009282869554565226;-0.008059529516849503;-0.005308399729255991;-0.0023207367883103236;-0.0028558190755915355;0.0006746360936071075;0.0031985505458462238;0.004935473159640791;0.00326465317656114;0.006601411365587487;0.00844557052822921;0.009121324402452927;0.008710019577437451;0.009173093508585556;0.010832810175256474;0.013142494874189704;0.31732284728504484;0.34434138841394984;0.3624002783820801;0.3718551308662549;0.3726472141116028;0.3328413062236385;0.33792668758018535;0.35159635719329646;0.3604827527748569;0.32570554288300935;0.33725093173549625;0.3536627955146975;0.3612014908891812;0.32405505957136727;0.33798220244389404;0.3539865811931446;0.3615881904760964;0.32416792222739854;0.3408633667886498;0.3544506145554074;0.3607231917198021;0.44227341036721557;0.4881911751839713;0.5636424393181618;0.6445954464018625;0.7121836962737591;0.6212548949072751;0.7138618704954324;0.7448154016459311;0.75801688192208;0.6261783014821889;0.717973833648535;0.7432182035067184;0.7548231689911556;0.6247996075059912;0.7079085498565943;0.7251804114924751;0.7331074847322487;0.6225490342704588;0.6899043456739286;0.7046171625860028;0.709409593908178;1.9122121495881459e-07;-0.02791934485089405;-0.035829682416986045;-0.03869956621578076;-0.038555168974096166;-0.011355834594665118;-0.0138878311993125;-0.014456433883381747;-0.013588398158775453;0.0028812147611113614;0.002435708687193547;0.003408110199646569;0.005112066565656371;0.014004747738975858;0.011715095833361267;0.014419143536792849;0.01781329197193597;0.02261532158829048;0.020404029205621704;0.022692419018163962;0.025979099741694343;0.7688904327234031;0.9955688083439402
1764173038.5412881;0.5619628982536724;0.5073311147629771;0.4767000343355591;0.46234229774319846;0.4520526696022503;0.5064345325606715;0.4936387797545091;0.48496548712279697;0.479445862667703;0.5371420423867566;0.5222568533578571;0.5087345575932863;0.5000680093614567;0.5620173556277425;0.5474612201727653;0.5328658692901276;0.5224796300610317;0.5793871726638384;0.567568008147083;0.5544791974780217;0.5432586247522977;0.40340752736258345;0.4513095172241705;0.5318665849646105;0.6096359592851701;0.6725229112176428;0.5856555258762659;0.661948820985775;0.6876317798015306;0.7023606736477672;0.6021766357298737;0.6724301657010459;0.6992119432821111;0.7107998122824235;0.6070780577586636;0.6747036038781725;0.7007781446799568;0.7133863950038885;0.6049148672912489;0.6704221800477405;0.693217851204162;0.7045941049531111;4.0567458109652523e-07;-0.0069377761041306855;-0.0077810359347648145;-0.006187557991414136;-0.0034645893686300533;-8.414853973150752e-05;0.0021730200271089448;0.0030261878911940774;0.004098896334615098;0.004378804763318671;0.009036893943254198;0.00964200241114922;0.009860617541468768;0.008314910617877801;0.012151583360284426;0.012291129708766035;0.012001449126569532;0.011798153010160942;0.01276556751779319;0.013989830794445159;0.01614600944983068;0.31165400913250724;0.33249161937539595;0.3450226228450363;0.35070258594759285;0.3491797774427985;0.3219832152637732;0.31758062501709605;0.3257578504449919;0.33351981941935255;0.3194273332375506;0.320440560253877;0.3324148315065613;0.33993944273195287;0.31971145445845484;0.32387910190866825;0.3362401086279885;0.3438757397013235;0.3196227060571756;0.3296605596851439;0.33958657453944063;0.3447249530496477;0.45769574035018307;0.5173907166540573;0.5977335656591397;0.679744036875207;0.7489641140039657;0.6496814373067513;0.7387846246905093;0.7850333712168728;0.8138729234682969;0.6479487082332365;0.7339167317763391;0.7775706292481419;0.8050471544156481;0.6422415218508905;0.7204231757182358;0.7521138139830083;0.7733047008614169;0.6377576855419214;0.7017868425098055;0.7251655823830111;0.739410740010019;3.195879779819774e-07;-0.027162004362136845;-0.033060320543569686;-0.034884186214813595;-0.03432891703947607;0.0012512138753145601;0.0019467047512542644;0.000208827703253272;-0.0006882719902586186;0.015704847595707113;0.01966983802008351;0.018852594024448395;0.018216739984582724;0.026256694966579078;0.02750378171832598;0.028763478244026287;0.030229126110237012;0.03392134482307553;0.03374983362806904;0.035596457354966936;0.03809776252665404;0.6967298917846777;0.9975040952766828
1764173038.5746212;0.5558497350105284;0.5042455529372151;0.47662752712244344;0.4636860884706748;0.4560742786209056;0.5058661040518784;0.49687413964746424;0.4901048598334748;0.48575476342658896;0.5366207698558947;0.5258565431817511;0.515483037842123;0.5077541863345528;0.5622705586924545;0.5518352206390965;0.5413249754231418;0.5331929239016711;0.5798992284381916;0.5725122928449943;0.563880165401995;0.5562883554904943;0.4272250385921746;0.48922645966379813;0.5744028853517208;0.6546539796127311;0.7204751591776878;0.6109559554945015;0.6888476671170022;0.7241240323097408;0.7487530010330793;0.6229503595155519;0.6957367242803849;0.7303013207534638;0.7484763458349982;0.627187680216309;0.6984010189147332;0.7354607581837331;0.7575028227249677;0.6251510500429661;0.6946154029746971;0.7264355571398986;0.7466809286620735;3.954882145128406e-07;-0.0031103948934083653;-0.004111880704472851;-0.0038732367003911938;-0.00337339911866059;-0.0015886822126191377;-0.0033289366725435315;-0.006067666449148114;-0.0074247149696625514;5.399705954715114e-05;0.000594068233780708;-0.0016144953175183246;-0.0033275925670838875;0.0017838624439895957;0.0026295723736154096;0.0027533067396904344;0.002752657558958392;0.0034902174059845;0.003589914302349676;0.005898606883940814;0.008805597447625256;0.3003482757921254;0.32712376595135706;0.33909581540798894;0.34342266793085013;0.34343988252868385;0.305407909640065;0.29960935192688437;0.30903420040360696;0.3185867562951218;0.2956462044841553;0.29237713466854026;0.3051040458453383;0.3148910305777598;0.29144309522000955;0.29140316960917045;0.3036145483692197;0.3128498588779986;0.2894106009142243;0.2951720187013867;0.30457876623638863;0.31107717304845806;0.47215292398483566;0.5345042540529861;0.6168348295926259;0.6997406045768414;0.7683040445069992;0.6680444328581517;0.7625061847424428;0.8120759740066645;0.8438399597980858;0.6665815464970054;0.7591956762485299;0.8066390215087661;0.8339155822364045;0.6588075591702348;0.7436699594046922;0.7794864261417508;0.799923435947521;0.6514932095134316;0.7194501893322315;0.7464124742410843;0.7624421361383336;3.248580433861061e-07;-0.028226894130390725;-0.03485684061885667;-0.03579361796137394;-0.03419831925964619;-0.009402622977730292;-0.008507283564053437;-0.009002379114983207;-0.008892988370553788;0.006968827351114098;0.01141855246169925;0.012626637872289003;0.013202125970437708;0.020413347373179593;0.022780264885942307;0.02491972672319075;0.0267135591642784;0.031296789641971974;0.03195215050429923;0.03425468601471781;0.03704883326306456;0.7857455735749513;0.9923520108649143
1764173038.6079543;0.5497365717673843;0.501159991111453;0.4765550199093278;0.4650298791981511;0.4600958876395609;0.5052976755430851;0.5001094995404194;0.49524423254415256;0.4920636641854749;0.5360994973250328;0.529456233005645;0.5222315180909597;0.5154403633076491;0.5625237617571665;0.5562092211054277;0.549784081556156;0.5439062177423105;0.5804112842125448;0.5774565775429057;0.5732811333259684;0.569318086228691;0.4510425498217657;0.5271434021034258;0.6169391857388311;0.699671999940292;0.7684274071377328;0.6362563851127371;0.7157465132482295;0.7606162848179508;0.7951453284183914;0.6437240833012302;0.7190432828597241;0.7613906982248164;0.786152879387573;0.6472973026739544;0.7220984339512937;0.7701433716875095;0.8016192504460469;0.6453872327946834;0.7188086259016538;0.7596532630756353;0.7887677523710359;3.8530184792915593e-07;0.0007169863173139539;-0.0004427254741808887;-0.001558915409368252;-0.0032822088686911273;-0.003093215885506768;-0.00883089337219601;-0.015161520789490304;-0.018948326273940202;-0.00427081064422437;-0.007848757475692783;-0.01287099304618587;-0.016515802675636543;-0.0047471857298986096;-0.006892438613053603;-0.006784516229385166;-0.006496134008652751;-0.004817718198191941;-0.0055857389130938365;-0.0021926170265635335;0.0014651854454198338;0.28904254245174354;0.3217559125273182;0.33316900797094157;0.33614274991410736;0.3376999876145692;0.2888326040163568;0.2816380788366727;0.29231055036222203;0.3036536931708911;0.27186507573075996;0.26431370908320345;0.27779326018411526;0.28984261842356673;0.26317473598156427;0.2589272373096727;0.2709889881104509;0.28182397805467374;0.259198495771273;0.26068347771762956;0.26957095793333663;0.27742939304726844;0.48661010761948825;0.5516177914519149;0.6359360935261121;0.7197371722784757;0.7876439750100327;0.6864074284095523;0.7862277447943762;0.8391185767964562;0.8738069961278747;0.6852143847607745;0.7844746207207206;0.8357074137693903;0.8627840100571609;0.6753735964895791;0.7669167430911485;0.8068590383004932;0.826542171033625;0.6652287334849419;0.7371135361546574;0.7676593660991575;0.7854735322666481;3.3012810879023486e-07;-0.029291783898644605;-0.03665336069414365;-0.03670304970793428;-0.03406772147981631;-0.020056459830775145;-0.01896127187936114;-0.018213585933219686;-0.017097704750848958;-0.0017671928934789166;0.0031672669033149872;0.006400681720129612;0.00818751195629269;0.014569999779780109;0.018056748053558634;0.02107597520235521;0.02319799221831979;0.02867223446086841;0.030154467380529428;0.032912914674468684;0.035999903999475086;0.874761255365225;0.9871999264531457
1764173038.641287;0.5439111295316429;0.4980742263297298;0.47663598211909797;0.46695040351586403;0.4631532324174838;0.5042520249623283;0.5023225544867888;0.49931376787199977;0.49739047239244094;0.5351712764133463;0.5321631586355094;0.5277533882973269;0.5222028540406005;0.5622977718714542;0.5596893349675071;0.5569687452119769;0.55339374845846;0.5807600140908145;0.5817247915792699;0.5815457740649546;0.5809069785541607;0.47601930242038953;0.5620589287873459;0.6547280649393481;0.738301563814017;0.8070243812319381;0.6657159185765273;0.7435405926458594;0.7923335623838731;0.8314158999435842;0.6696047342106449;0.7436972181733684;0.789159936410874;0.8167455559695055;0.6716589195140731;0.7464757821593505;0.8000363700595196;0.8366481166856206;0.668382886907914;0.743086679925607;0.7890468464041388;0.8238961742289358;3.55120079503236e-07;0.00429035468851537;0.003594745535584882;0.0019350676359218709;-0.0009139681110441654;-0.0020899358939680526;-0.009727072646636628;-0.01815433332939759;-0.023471706463535334;-0.00547684743215595;-0.011003423011946383;-0.017704830448306393;-0.02263119982751996;-0.007758219302310096;-0.011259769296999556;-0.011035142136287306;-0.010648258461722312;-0.009298929705610602;-0.010311380998862422;-0.006198391226817202;-0.002134227149862206;0.28024721995607244;0.3173739587545152;0.3282247534899113;0.33013263774406804;0.3339147054072776;0.2754899744340916;0.26909170013189576;0.28121742940856587;0.2938705919094099;0.2522379105999423;0.24199837779707722;0.2571515832998379;0.27165884893173303;0.23991105654717457;0.2320485060444113;0.24495588108646085;0.25751655349272157;0.23480893833007357;0.23222153543120658;0.24122393264278047;0.2504568453915033;0.49852958613162046;0.5651963393138836;0.651369585711381;0.7355724813749992;0.8020703212986453;0.7013315997824306;0.8050769200941293;0.8587611466276036;0.8944522793606781;0.7005540971421048;0.8063757786463541;0.858273527461694;0.8831373509112888;0.689009934368351;0.7867518690419699;0.8279604630154896;0.8450683162496597;0.6763074396315717;0.7517412551758514;0.78469393275456;0.8028375408364354;3.042850892949835e-07;-0.0293572803606087;-0.037322186817357446;-0.03696242863325003;-0.03378366451770009;-0.02848645171501377;-0.027528652438850037;-0.025718357569326687;-0.02371144797601693;-0.009431513741342247;-0.005117832638778545;-0.00039658813269760704;0.0026067571073103073;0.008577760239003333;0.012156539397576337;0.016071706741720784;0.0188838225707353;0.024681683244265132;0.026579546944343772;0.029888310849884962;0.033434312793672746;0.9456229599621313;0.9824308084975496
1764173038.6746202;0.5389363220834201;0.49498786151743346;0.477170670079051;0.4705760158958455;0.46335977142723483;0.5017954878444747;0.5015132088136514;0.5002203749762897;0.4998137661957559;0.5330399301109244;0.5322306653110592;0.5296488386525192;0.5262345061194238;0.560655068631217;0.5605267115177086;0.5603855744799678;0.5592573632000275;0.5806258779796812;0.5839942317731384;0.5864509123391057;0.5882360940627634;0.5044233022837585;0.5881008988385381;0.6784813975220595;0.7580439308603674;0.8179628903816096;0.7074716637346641;0.7739813907041145;0.8099338318379815;0.837761935463854;0.7105837955836937;0.7723346148701093;0.8071133255528312;0.8263951139956014;0.7085913749270116;0.7728633235544949;0.8157690772289936;0.8448099981343692;0.6995367994550913;0.7676155334404279;0.8071345756665237;0.8384523801979623;2.6582276525404154e-07;0.0071127450212219445;0.008721126311241355;0.008916669936907344;0.008186274568374221;0.006327587370365866;0.002993531006325916;-0.0031096781070163587;-0.007299204344857452;0.0025376278977635378;0.001476129633926293;-0.0035503487440140917;-0.00783612957602911;-0.00036248105217887537;-0.00038750929683593546;0.00034560274253804014;0.0002676942727970564;-0.00246659595498485;-0.0018807565126473785;0.0018742909830859016;0.005326464153227813;0.2788738191850389;0.3159067749108003;0.32618537457744967;0.3278766519631719;0.33590815162708265;0.2717046125760525;0.27258378842862746;0.2867707256122706;0.29931313146713096;0.24489176031524887;0.23667704016121813;0.256226839769267;0.27377010031864674;0.231443497772013;0.22171765897933518;0.2384130786016465;0.25307195600043764;0.22763349282255238;0.22157697307351423;0.23256922594131005;0.24321933515636307;0.5029464485603172;0.5683238426004157;0.6559594684227426;0.7391052083231953;0.8019698671220339;0.7060890353273644;0.8095210993673596;0.856525837188705;0.8875382003608046;0.7061578244434098;0.8182906558785695;0.8616159341390517;0.8783162032636829;0.6939847418165738;0.7965005755851925;0.8305213916893385;0.8396690674642313;0.6795313781116136;0.7573942711227074;0.7892749410616109;0.8034461617647151;1.8645757203446402e-07;-0.02646811348249144;-0.03465703425765223;-0.035299954342259625;-0.03304591208129295;-0.03034174156552589;-0.030518358284941722;-0.028178126959440025;-0.025621547473612418;-0.013927401401614938;-0.013502901769840809;-0.008882922377316912;-0.004647768778049207;0.0021453280575711928;0.0027774919582250167;0.007636419846215133;0.01220861837255546;0.01665262348114057;0.0177503008081847;0.021888485140515362;0.026384775766190555;0.9628132115361552;0.9787939144035823
1764173038.7079532;0.5339615146351975;0.49190149670513705;0.47770535803900405;0.474201628275827;0.4635663104369859;0.49933895072662104;0.5007038631405141;0.5011269820805795;0.5022370599990709;0.5309085838085026;0.532298171986609;0.5315442890077116;0.5302661581982472;0.5590123653909796;0.5613640880679102;0.5638024037479589;0.5651209779415951;0.5804917418685479;0.5862636719670067;0.5913560506132569;0.5955652095713663;0.5328273021471276;0.6141428688897302;0.702234730104771;0.7777862979067177;0.8289013995312812;0.7492274088928009;0.8044221887623698;0.8275341012920899;0.8441079709841239;0.7515628569567423;0.8009720115668503;0.8250667146947883;0.8360446720216974;0.7455238303399503;0.7992508649496394;0.8315017843984677;0.8529718795831178;0.7306907120022686;0.7921443869552487;0.8252223049289085;0.8530085861669887;1.7652545100484712e-07;0.009935135353928518;0.013847507086897828;0.015898272237892815;0.01728651724779261;0.014745110634699785;0.01571413465928846;0.011934977115364873;0.00887329777382043;0.010552103227683027;0.01395568227979897;0.010604132960278213;0.006958940675461735;0.007033257197952343;0.010484750703327682;0.01172634762136339;0.011183647007316425;0.004365737795640902;0.006549867973567667;0.009946973192989003;0.012787155456317832;0.2775004184140053;0.3144395910670855;0.3241459956649881;0.32562066618227575;0.3379015978468877;0.2679192507180134;0.27607587672535916;0.2923240218159754;0.30475567102485207;0.23754561003055538;0.23135570252535903;0.25530209623869615;0.2758813517055604;0.22297593899685145;0.21138681191425904;0.23187027611683214;0.2486273585081537;0.22045804731503119;0.21093241071582192;0.22391451923983965;0.23598182492122283;0.507363310989014;0.5714513458869478;0.6605493511341042;0.7426379352713912;0.8018694129454224;0.7108464708722982;0.8139652786405898;0.8542905277498063;0.880624121360931;0.7117615517447147;0.8302055331107849;0.8649583408164093;0.873495055616077;0.6989595492647964;0.8062492821284151;0.8330823203631874;0.834269818678803;0.6827553165916556;0.7630472870695634;0.7938559493686617;0.8040547826929946;6.863005477394452e-08;-0.02357894660437418;-0.03199188169794702;-0.033637480051269215;-0.03230815964488581;-0.032197031416038004;-0.033508064131033403;-0.030637896349553363;-0.027531646971207906;-0.01842328906188763;-0.021887970900903074;-0.017369256621936217;-0.011902294663408721;-0.0042871041238609475;-0.006601555481126304;-0.0007988670492905178;0.0055334141743756185;0.008623563718016002;0.008921054672025627;0.013888659431145763;0.01933523873870836;0.980003463110179;0.975157020309615
1764173038.741286;0.5300940016142797;0.4881200856469534;0.475684978161362;0.4743122497099307;0.46268601569170753;0.495964824260029;0.49775468592074673;0.49893283923769854;0.5012611940798124;0.5279132602399627;0.5296609650835781;0.5297959130214087;0.5303599657522877;0.5563920514242768;0.5594667132841032;0.5630110999760946;0.5658753509276174;0.5790544199820555;0.5875205086009722;0.594996459799436;0.6015772990704424;0.5576514310830809;0.6357844886044962;0.7208379873617595;0.7929602138658629;0.8381180259134149;0.7877702679717415;0.829983370270757;0.8385725923132549;0.8433091953481282;0.7892773711461982;0.8260104834911537;0.8370291250535841;0.8383157030696684;0.7789813390489693;0.8231137067436872;0.8427148371815781;0.8539353586675864;0.7586701158359709;0.8165358325669242;0.8462192099082646;0.8718764030398218;7.029420434038204e-08;0.011570104279675923;0.016974356781275034;0.020281960294744758;0.02322623657135529;0.019574316812095524;0.023339167373011258;0.020651710109444298;0.017942390960067826;0.015051598523100496;0.021774152786946048;0.019386851315292452;0.015843571777028637;0.011124573052038522;0.016866639783987312;0.01811406519808454;0.016942032619114242;0.0080884814936969;0.010872251638515986;0.013523934770992946;0.015574134843741132;0.27633584385407284;0.3134060236022468;0.32234660250395575;0.3230652464376261;0.3375457900503841;0.26506989043805335;0.27799335818068444;0.29647287751055196;0.3091006814153766;0.23239393119893884;0.2288055825323761;0.2562921738877196;0.2784313983811533;0.2169431957196974;0.20509201164473959;0.22832698605865312;0.2460825807632306;0.21515722324266146;0.2038844691224009;0.21839245324219475;0.23123343666586602;0.5091996072160565;0.5736413624458613;0.663675550006116;0.7449728760846497;0.801656134504846;0.7133929942224602;0.8159171833248761;0.8497701281231014;0.8706626814696323;0.7149883230519856;0.8377020509920662;0.8641915504723435;0.8652593311777965;0.7021494659197265;0.8132149659963509;0.8334036820057168;0.8277857933127312;0.6849563090273169;0.7669613121809907;0.7955014060222589;0.8013063677320783;-4.6939269302410877e-08;-0.02045561570123811;-0.028510548153346638;-0.03069145541466049;-0.029896950322680322;-0.03240044083308111;-0.03460492350246598;-0.03126655381513249;-0.027709289387270727;-0.02122435699506045;-0.027788392190128672;-0.0233987285563839;-0.01706505881376417;-0.009161203885327119;-0.013907806649533965;-0.007450558779638537;0.0001237753360644056;0.0019937509758757013;0.00151165038725643;0.007057495246695701;0.013166143450846504;0.9902739368641571;0.9738739529432934
1764173038.774619;0.5284636034793505;0.48293444255726803;0.4685024840770158;0.46732138270949203;0.4596099436427459;0.4907368522933891;0.49048231435588935;0.49047411698983623;0.49341785856285103;0.523172405983715;0.5215593082024993;0.5206857568712178;0.522497975473459;0.5517966281687089;0.5520442019440883;0.5537179227787543;0.5563073015248038;0.5749842154354734;0.5867315384092158;0.5960816820365288;0.6049285438849505;0.5752429917479803;0.6485358899650122;0.7290363243996695;0.7989042902438828;0.8438558579693078;0.8198219941617994;0.8456860511379043;0.8363540381900432;0.8280754483069536;0.8203963792802289;0.8437778918361256;0.8368877015205449;0.8256795765158362;0.8054182624397026;0.841875788594411;0.844796636471552;0.8403555937084063;0.7802359222347967;0.840649667041039;0.8730936485786678;0.8994551541480722;-7.014939935430412e-08;0.010806074312314475;0.016061467236817163;0.019416969694178523;0.022780613683714902;0.017153890576569557;0.020669397440133176;0.016583867777186383;0.01266015944699029;0.012449627428700705;0.020175637187932523;0.017316763536414977;0.012787086695785843;0.008539821232073785;0.014176438027810016;0.014414153479250843;0.012280362009903494;0.005528785738988627;0.006894578453316604;0.008017997256523652;0.008918611639681627;0.2755931699322352;0.3132485100866303;0.3210320629497949;0.31990486728817386;0.3324436826236684;0.26411157468247143;0.27672959324153085;0.2977842812212839;0.31122830609782154;0.23167583808174222;0.23185427355868293;0.26115084769260294;0.28186796218173127;0.2158296156397124;0.2069514115086601;0.23084374085834142;0.24737609113094702;0.21364377804149062;0.20410293622083187;0.2191993969263195;0.23151392934470544;0.5058222737872077;0.5739373339684628;0.6638446050285376;0.7448878776959912;0.8012149123176086;0.7114727159157433;0.8128338377221466;0.8406330618277034;0.8545445263948388;0.7134128272237336;0.8362719661271558;0.8551227714255425;0.8501249893714486;0.7017332904052432;0.8145579886267678;0.8292003493841118;0.8191101468414795;0.6850905992679556;0.7673619787957047;0.7912160405380495;0.7917755877783228;-1.5794626789138184e-07;-0.016859193077223736;-0.023380248817945648;-0.02515221842703533;-0.024104783580331517;-0.029266484671050877;-0.03187758316609563;-0.02819573655811463;-0.024386773732578478;-0.020601307234630453;-0.028668971839817085;-0.024464495164248007;-0.01800174614125604;-0.010886937170760445;-0.017026297743472127;-0.010498775954205192;-0.002728986996830947;-0.0018091024114358718;-0.0030291859148984406;0.0025874285532202926;0.008775842739549553;0.9865640838078239;0.9773464236539317
1764173038.8079522;0.5268332053444214;0.47774879946758264;0.4613199899926695;0.46033051570905337;0.45653387159378417;0.4855088803267491;0.483209942791032;0.48201539474197397;0.4855745230458896;0.5184315517274672;0.5134576513214205;0.5115756007210267;0.5146359851946303;0.547201204913141;0.5446216906040734;0.5444247455814141;0.5467392521219901;0.5709140108888914;0.5859425682174594;0.5971669042736215;0.6082797886994586;0.5928345524128797;0.6612872913255282;0.7372346614375794;0.8048483666219027;0.8495936900252008;0.8518737203518572;0.8613887320050515;0.8341354840668315;0.812841701265779;0.8515153874142596;0.8615453001810975;0.8367462779875058;0.8130434499620041;0.8318551858304359;0.8606378704451348;0.8468784357615259;0.8267758287492262;0.8018017286336223;0.8647635015151539;0.899968087249071;0.9270339052563227;-2.105930030489903e-07;0.010042044344953028;0.015148577692359291;0.018551979093612288;0.022334990796074514;0.014733464341043594;0.017999627507255093;0.01251602544492847;0.007377927933912754;0.00984765633430091;0.018577121588919002;0.015246675757537503;0.00973060161454305;0.00595506941210905;0.01148623627163272;0.010714241760417147;0.007618691400692747;0.002969089984280353;0.002916905268117222;0.0025120597420543577;0.00226308843562212;0.2748504960103976;0.31309099657101386;0.3197175233956341;0.31674448813872164;0.3273415751969527;0.2631532589268895;0.27546582830237726;0.2990956849320159;0.31335593078026647;0.2309577449645456;0.23490296458498974;0.2660095214974863;0.2853045259823092;0.2147160355597274;0.20881081137258056;0.23336049565802972;0.24866960149866343;0.21213033284031982;0.20432140331926282;0.2200063406104443;0.23179442202354483;0.5024449403583588;0.5742333054910642;0.6640136600509592;0.7448028793073326;0.800773690130371;0.7095524376090265;0.8097504921194171;0.8314959955323052;0.8384263713200454;0.7118373313954816;0.8348418812622455;0.8460539923787413;0.8349906475651008;0.7013171148907599;0.8159010112571846;0.8249970167625067;0.8104345003702279;0.6852248895085944;0.7677626454104186;0.78693067505384;0.7822448078245674;-2.689532664803528e-07;-0.013262770453209366;-0.018249949482544662;-0.019612981439410173;-0.018312616837982708;-0.026132528509020654;-0.029150242829725285;-0.025124919301096775;-0.021064258077886228;-0.01997825747420046;-0.0295495514895055;-0.025530261772112116;-0.018938433468747913;-0.01261267045619377;-0.02014478883741029;-0.01354699312877185;-0.0055817493297263;-0.005611955798747445;-0.00757002221705331;-0.0018826381402551155;0.004385542028252599;0.9828542307514907;0.9808188943645699
1764173038.8412852;0.5245088816778879;0.47290019834342273;0.45544141578275155;0.455677906938713;0.4568343167780936;0.4808773056200629;0.47690889849732226;0.47502559065256283;0.4790453016126269;0.514220542555392;0.5067792353727479;0.5042366811959198;0.5081439627172372;0.5431370125576833;0.5384035675786276;0.536632240975396;0.5386210805934828;0.5671233008869331;0.584179748352222;0.5960697589357487;0.6081200490643633;0.6074495014070421;0.6720816537439992;0.7446839161181419;0.8103221168105823;0.8524463143943952;0.8729581793525962;0.8717045224505121;0.8331257747855608;0.8040336321495455;0.8725122859799078;0.8732299101972403;0.8370485764748292;0.8059122022087195;0.8500397014755009;0.873935805044837;0.8492207107334315;0.8192209604193176;0.8169564439917355;0.88095006920079;0.9164570176480753;0.9426179952498493;-3.0360219960459817e-07;0.010142691026666494;0.015498053768982204;0.01923360780112623;0.023465251543827968;0.013547732520282074;0.017416697193109322;0.011568535062291354;0.005885099514587624;0.008480825393839566;0.01860865126242372;0.015072368658199373;0.008783779448401459;0.004708035642356632;0.010929182895188207;0.009424209083884059;0.005387578998876612;0.001951844037161241;0.0019153923801983497;0.0009993678294127814;0.00012554820711206931;0.27381543018789245;0.31265476684174265;0.31938011925150017;0.31603024508068417;0.3255321785295379;0.2631160790420528;0.2763005721297478;0.30216541662525337;0.3172707819272335;0.2314697793962478;0.23975660277757968;0.27260246649916187;0.2914350471634585;0.2152387936695644;0.21413689313038922;0.23997584075156206;0.25514675732192615;0.21251305222587122;0.2080295741719396;0.22480111853564685;0.23687698125487242;0.4978107198811742;0.5710598533648784;0.6603239592727548;0.7406626275351;0.7953220176098998;0.704952642281816;0.8059015944303949;0.8231207048064387;0.8238261164056997;0.7086710170946888;0.8318884051906732;0.838470179410855;0.8230539360342076;0.7003155298157019;0.8158205677637433;0.8217016469888065;0.8043552163179676;0.6861367785532279;0.7691195271303604;0.7853641960497308;0.7773754663951117;-3.559131022057285e-07;-0.010830067944337681;-0.014703546241951177;-0.01579128496221634;-0.01436485016635593;-0.023630890388482186;-0.02734944279296557;-0.023640803056068145;-0.01971760828843338;-0.01918498373862929;-0.02977310749333284;-0.026413797578633554;-0.02028132559712845;-0.013512952819166948;-0.022056917321781902;-0.016267626453142222;-0.00890515800156593;-0.008021195639186227;-0.01074515524691311;-0.005647759881710801;0.00011621952657376645;0.9805540264036452;0.9796832991232096
1764173038.874618;0.5209314936126981;0.4686602148138291;0.4519174106136483;0.45524763617087727;0.4632319486831159;0.47732268245913756;0.47236184013940175;0.4706883032455102;0.47488905753652894;0.5109663075349243;0.5026708539045559;0.5000961935707858;0.5041257761215062;0.5400320968076782;0.5343602832792553;0.5315495940019073;0.5331210435245802;0.5638372915301246;0.5806583876927571;0.5910317770261923;0.6016203069107521;0.6166893979736014;0.6793420694875424;0.7507805062966741;0.8149465698099002;0.8500889401826571;0.8742383633417009;0.8722928705416435;0.8342989516584189;0.8068288084512457;0.8752310631020138;0.8739304337618586;0.8381521313524898;0.8087214557480391;0.8533223322952808;0.8773667898387855;0.8520333428097798;0.822545621848561;0.8205342543740539;0.8828218792663575;0.9141921912185148;0.9365425812587646;-3.1095614332647917e-07;0.01180473799696741;0.018127061792220275;0.022708062979153648;0.02744118317412078;0.014591565031566594;0.02060210269144373;0.016255657849611853;0.011235031438668702;0.00934436368431411;0.021583654847989728;0.01832139038738705;0.011646506537447246;0.005876602377006398;0.014224087934965534;0.012485844555362925;0.007545476396868022;0.0037198954347524467;0.006288116846818806;0.006697527327833385;0.006146410231517404;0.27225237416399645;0.31171524194785677;0.3208071891599932;0.3197331417744203;0.3296686340316109;0.2647422513663322;0.2809247234739738;0.3084102702814267;0.32441293881960437;0.23420313148687477;0.24786954608652106;0.2823270926328045;0.30243021437843653;0.2187163892027875;0.2257229775323642;0.2539922647044072;0.2709843434504184;0.21631979368497448;0.21803931967080775;0.23679697624196686;0.2506309300847198;0.4909068604561899;0.5616214476375466;0.6496662636641918;0.7291995530519939;0.7808226639653527;0.6955142767751631;0.8006702918276459;0.8161209995036061;0.8119668280146269;0.702632063149038;0.8261840470728953;0.8335678618512704;0.8168913839422589;0.6982568343655676;0.8131696831476415;0.8200458420793384;0.8029643450204959;0.6884528260173834;0.7722031058102025;0.7887073791016134;0.7809235738060533;-3.9944948353910997e-07;-0.010498767069895222;-0.014017282479127615;-0.015071057978291747;-0.013747631169142622;-0.02227106819823461;-0.027221754077932564;-0.025021891301842566;-0.021938902117552332;-0.018084326006746563;-0.028810235123786384;-0.026968267917606658;-0.022357726944257663;-0.012922667222518504;-0.021790641973074936;-0.018396721288783557;-0.013078441976776396;-0.007913901007930223;-0.011454153120043822;-0.008139918773181517;-0.0039346451138772675;0.9807993122139929;0.9702266332076515
1764173038.907951;0.5173541055475083;0.46442023128423543;0.4483934054445451;0.4548173654030415;0.46962958058813814;0.47376805929821225;0.46781478178148117;0.46635101583845756;0.47073281346043105;0.5077120725144567;0.49856247243636376;0.49595570594565186;0.5001075895257754;0.536927181057673;0.530316998979883;0.5264669470284187;0.5276210064556776;0.5605512821733161;0.5771370270332924;0.585993795116636;0.5951205647571408;0.6259292945401608;0.6866024852310855;0.7568770964752064;0.8195710228092181;0.8477315659709189;0.8755185473308056;0.872881218632775;0.835472128531277;0.8096239847529461;0.8779498402241199;0.8746309573264769;0.8392556862301503;0.8115307092873587;0.8566049631150606;0.8807977746327339;0.8548459748861281;0.8258702832778043;0.8241120647563723;0.884693689331925;0.9119273647889542;0.9304671672676798;-3.1831008704836023e-07;0.013466784967268329;0.020756069815458345;0.02618251815718106;0.031417114804413594;0.015635397542851114;0.023787508189778137;0.02094278063693235;0.01658496336274978;0.010207901974788654;0.024558658433555737;0.02157041211657473;0.014509233626493034;0.007045169111656164;0.01751899297474286;0.015547480026841793;0.009703373794859433;0.005487946832343653;0.010660841313439263;0.012395686826253988;0.01216727225592274;0.27068931814010044;0.3107757170539709;0.3222342590684862;0.32343603846815644;0.3338050895336839;0.2663684236906116;0.28554887481819985;0.31465512393760003;0.33155509571197517;0.23693648357750174;0.2559824893954624;0.29205171876644703;0.3134253815934145;0.22219398473601062;0.23730906193433918;0.26800868865725247;0.28682192957891056;0.22012653514407773;0.22804906516967588;0.24879283394828686;0.2643848789145672;0.4840030010312057;0.5521830419102148;0.6390085680556288;0.7177364785688879;0.7663233103208056;0.6860759112685103;0.7954389892248969;0.8091212942007735;0.8001075396235543;0.6965931092033874;0.8204796889551172;0.8286655442916858;0.8107288318503102;0.6961981389154334;0.8105187985315397;0.8183900371698702;0.8015734737230241;0.6907688734815391;0.7752866844900446;0.792050562153496;0.7844716812169947;-4.4298586487249137e-07;-0.010167466195452763;-0.013331018716304054;-0.01435083099436715;-0.013130412171929312;-0.020911246007987036;-0.027094065362899555;-0.026402979547616987;-0.024160195946671285;-0.016983668274863833;-0.027847362754239924;-0.027522738256579762;-0.024434128291386876;-0.012332381625870062;-0.02152436662436797;-0.020525816124424896;-0.017251725951986863;-0.00780660637667422;-0.012163150993174532;-0.010632077664652231;-0.007985509754328301;0.9810445980243406;0.9607699672920934
1764173038.9412842;0.5159533501786858;0.4616448245030388;0.44392002345106346;0.4490070528055175;0.46532697196578343;0.47198484429299414;0.46193108645919845;0.45961689667938044;0.4643007512310197;0.5059905051866087;0.49240239863724666;0.4882505181440271;0.4924833595806291;0.5343335471802797;0.5230852629794267;0.5174936224106604;0.518652447070199;0.5566690295872586;0.5672394919299197;0.5727329713810153;0.5796709635867656;0.6316351508869533;0.68840473044844;0.7577012525641312;0.8195169711236725;0.8458352204253491;0.8744539686259657;0.8781657316860485;0.8402164026818219;0.8135990250930724;0.8765931785007252;0.8792021554605141;0.8435012168798335;0.8155320678543928;0.8555496423152477;0.8843775761938775;0.8575462193465564;0.8277984029143489;0.8245588816377704;0.8833205651467938;0.9020943879243799;0.9125025155226288;-2.823276469213937e-07;0.011917657679545944;0.019463386098149762;0.026181952996077847;0.03313957935222852;0.01295928656999251;0.02351153364984032;0.023648894567402812;0.021382229644067392;0.010013899893354536;0.026064661992784368;0.024786755460464615;0.018879178029727137;0.009718669757012554;0.022522427307694163;0.02169169256455255;0.016274663030272134;0.011043167033748436;0.019099399571468355;0.022443932764569977;0.02298493788142013;0.26968885694880573;0.3098249334255062;0.3231307886038703;0.3271323798282772;0.33901953084918457;0.26674398580202147;0.29022217564048164;0.3207512147472896;0.3388435346223925;0.23900275891699335;0.2643065619037055;0.3015592542832955;0.3241137207167891;0.2257082361607893;0.2486170976453651;0.2811827740693851;0.30163790373947086;0.2246756875208895;0.23861738224386683;0.26144616342068533;0.2788130797050505;0.47269263159797587;0.5387471938928068;0.6251664820445207;0.7036027424157264;0.7501887512847699;0.6750471920905191;0.7854396643103532;0.7971266956561012;0.7853371111808088;0.6875748998783568;0.8102084997830983;0.8183051388257422;0.8000056878543719;0.6891483914035141;0.8015965232522296;0.8095639183595582;0.7930401954570436;0.685598767095585;0.7694087088188271;0.7860253659994753;0.7790910723670545;-4.7338120343851324e-07;-0.011645917314593262;-0.015486348747869347;-0.016890870275309153;-0.016031426695854743;-0.022575840733363817;-0.029549070057268263;-0.02961948372853285;-0.02783675008538823;-0.01780475474375013;-0.028724472717573755;-0.029263676001656684;-0.027306509680116157;-0.012431681339010613;-0.0218088465578263;-0.022233575051236517;-0.020373526103462193;-0.007284392700958966;-0.012517261585759136;-0.012339200278052184;-0.01085582560744799;0.9819266906005523;0.9581434877734208
1764173038.974617;0.5179211159678475;0.4611359727417592;0.43797740141301406;0.43487067547305214;0.44446484612578163;0.47294303157484263;0.45397883363407554;0.4491734799055532;0.4543466700528189;0.5066408693102015;0.4830671593460698;0.47502865865662863;0.4792784759315363;0.5325311647659655;0.510919131279486;0.5024991487099673;0.5043160592817816;0.5518640407322927;0.5474742935514585;0.5467466121353927;0.5503707069937929;0.6318717843954972;0.6817600002380905;0.7503658758965372;0.8122225421135594;0.844652355302552;0.8697606735289731;0.890717952820139;0.8504872485673147;0.8194000037201756;0.8689294342814864;0.8897635462460346;0.8526092178413862;0.8213783086632018;0.8477809785442953;0.8881876841497546;0.8600725345708973;0.8275652573155757;0.8201602241904208;0.8769256337922728;0.8805490652378865;0.8761382739003435;-1.792785279978649e-07;0.005398969634890095;0.012101556389801878;0.020803503198617443;0.03137461510288528;0.004526251907733234;0.01787878398004108;0.023289231594130995;0.02532419961652839;0.008183265630412696;0.025297265139506486;0.02795252626978398;0.025581667295030378;0.014721181506559159;0.03016995362855746;0.032606450948628865;0.029676045283969173;0.022459347729679585;0.0338301757007369;0.03922430132343781;0.04122605829923953;0.2695590583181501;0.30885672596356517;0.3232062625358149;0.3308185762613196;0.3459022453770642;0.26518412400407215;0.2949715393910706;0.32661708260905664;0.34635835719122143;0.24003667718772045;0.2729573745073734;0.3107308239125179;0.3343272177043478;0.22927921564376347;0.25949482975028654;0.2930532701339392;0.3148728479288413;0.2303737828904227;0.25005013555154065;0.27511698544408186;0.2942847418011574;0.45456281935272885;0.5191249695729497;0.6063962855331172;0.6853359339456727;0.7315235751317207;0.6615572675839846;0.7680614260560321;0.777402082031214;0.7660614500112556;0.6739460436595129;0.7928697575706309;0.7994978857931916;0.7822246464248614;0.6743745733588028;0.7829687463629061;0.7896411390402449;0.7734534449940736;0.6688432114613012;0.7496619782169548;0.7655018194238282;0.7598925282776905;-4.834396791641938e-07;-0.015925111017111398;-0.022039282856029727;-0.02447644429998337;-0.024377201869780388;-0.028920973607344382;-0.036001008827227815;-0.03567644758900032;-0.03376544127572468;-0.02159990110401243;-0.03244910924290782;-0.03284077129751806;-0.031410736761477806;-0.013598171998118296;-0.02294566635732705;-0.023289281417283043;-0.02186806708831693;-0.006120057098818484;-0.0123221544278183;-0.012831413588251918;-0.011899143467385378;0.9837942949114447;0.9660872930020472
1764173039.00795;0.5198888817570091;0.4606271209804796;0.43203477937496465;0.4207342981405867;0.4236027202857798;0.4739012188566912;0.44602658080895263;0.43873006313172586;0.4443925888746181;0.5072912334337942;0.47373192005489295;0.4618067991692302;0.4660735922824435;0.5307287823516514;0.49875299957954516;0.487504675009274;0.4899796714933641;0.5470590518773267;0.5277090951729971;0.5207602528897699;0.5210704504008201;0.6321084179040412;0.6751152700277411;0.7430304992289433;0.8049281131034461;0.843469490179755;0.8650673784319806;0.9032701739542294;0.8607580944528075;0.8252009823472789;0.8612656900622477;0.9003249370315553;0.861717218802939;0.8272245494720109;0.840012314773343;0.8919977921056316;0.8625988497952383;0.8273321117168024;0.8157615667430712;0.8705307024377518;0.8590037425513931;0.8397740322780581;-7.62294090743361e-08;-0.001119718409765753;0.004739726681453994;0.01542505340115704;0.029609650853542037;-0.00390678275452604;0.012246034310241832;0.02292956862085918;0.029266169588989383;0.006352631367470857;0.024529868286228607;0.03111829707910335;0.03228415656033361;0.019723693256105762;0.03781747994942075;0.04352120933270519;0.043077427537666205;0.033875528425610736;0.048560951830005444;0.05600466988230563;0.059467178717058936;0.2694292596874944;0.30788851850162413;0.32328173646775954;0.334504772694362;0.3527849599049439;0.2636242622061229;0.29972090314165956;0.33248295047082366;0.3538731797600504;0.24107059545844753;0.28160818711104124;0.31990239354174027;0.34454071469190656;0.2328501951267376;0.270372561855208;0.3049237661984933;0.3281077921182117;0.23607187825995593;0.26148288885921445;0.2887878074674784;0.3097564038972642;0.43643300710748184;0.49950274525309274;0.5876260890217136;0.667069125475619;0.7128583989786715;0.6480673430774501;0.7506831878017111;0.7576774684063267;0.7467857888417023;0.660317187440669;0.7755310153581636;0.7806906327606409;0.764443604995351;0.6596007553140913;0.7643409694735827;0.7697183597209317;0.7538666945311037;0.6520876558270174;0.7299152476150825;0.7449782728481812;0.7406939841883263;-4.934981548898744e-07;-0.020204304719629536;-0.028592216964190106;-0.03206201832465758;-0.03272297704370603;-0.03526610648132495;-0.04245294759718736;-0.04173341144946779;-0.03969413246606113;-0.025395047464274727;-0.036173745768241894;-0.036417866593379436;-0.03551496384283946;-0.014764662657225976;-0.0240824861568278;-0.024344987783329573;-0.023362608073171674;-0.004955721496678002;-0.012127047269877464;-0.013323626898451651;-0.012942461327322768;0.985661899222337;0.9740310982306735
1764173039.0412831;0.5238607079947144;0.46421195994161885;0.4319511375818098;0.41468882812694274;0.4110766269505048;0.47785574742499404;0.44406297741050005;0.4324946636941108;0.4357760662694812;0.5090953015803676;0.4685636506943977;0.45213523804867806;0.4539911221664844;0.5291818606373099;0.49000861389727707;0.475425267415266;0.4763456187280749;0.5421975412700397;0.5131399369291967;0.5012965773402461;0.4984216731692161;0.6217484296168329;0.6575379044386053;0.726456285878377;0.7907444341535147;0.8354000339358596;0.8467649317716145;0.9022199917971405;0.8628165050995947;0.8255711157266994;0.842411086397789;0.8955051979821215;0.8572901796351455;0.821272824831019;0.8222725729537113;0.8796777784843022;0.8489810993269313;0.8122371375656764;0.8010508228385352;0.8514657778796101;0.8307943444337831;0.8029517177029081;5.294815815410454e-09;-0.010362140113293252;-0.006698476151453345;0.004581557569607634;0.0204914794352324;-0.014337971916042512;0.00278992335909409;0.01762265046829084;0.02761756471849602;0.0026246866730681114;0.02084916821773356;0.0306784488770699;0.03485659311241925;0.022325577455306167;0.04058329539021245;0.04736059950277441;0.04817094257099855;0.042192207091117415;0.056882879429732594;0.06370952372165326;0.06702243369490295;0.26928466250945937;0.3068024755252362;0.3225834899572505;0.33580956402776135;0.3566084397009044;0.26095310353996876;0.3009372089337516;0.3346712531248074;0.35722328077638227;0.24042891176726677;0.2857381041198983;0.32450311399098875;0.3498320984085754;0.23420667361549727;0.2759405992928721;0.3111277334286015;0.3353020203396889;0.23904030903822926;0.2676857482172025;0.2959621506742679;0.31776646818201865;0.42280276981626563;0.4842558469168169;0.5729654865685683;0.6529687360255544;0.6980523472078118;0.6346224704282425;0.7351024605712585;0.7421921628113523;0.7327496306381727;0.6474262662043698;0.7599599179866882;0.7647391233755327;0.7494194311575179;0.6469563223800965;0.7491251180533406;0.7546672167841011;0.7399544031077182;0.6392047203572115;0.7154405478587321;0.7305744598807105;0.7277271288881703;-4.961703795090054e-07;-0.022510910524114712;-0.032123212873507494;-0.03621407412525684;-0.03746485756687955;-0.03798960137603942;-0.04573745249400421;-0.04559228523182922;-0.04392746323964924;-0.026715088427991557;-0.03757998852864884;-0.03811611098669688;-0.03771088385993775;-0.014748971827516888;-0.024216105691975322;-0.02473030662716592;-0.024107162912356726;-0.0037537522320936654;-0.011480115245373602;-0.013148672365599698;-0.01311381649665328;0.9870789471783697;0.978281903169313
1764173039.074616;0.5304234252502432;0.47308920738782645;0.4394421072736197;0.41910345132735827;0.40932752976645675;0.48568400831062786;0.44984162451139204;0.43169947656504204;0.4288887671991345;0.5123909022765405;0.4687825267030898;0.44705357647728394;0.443359731604235;0.5279652038276257;0.4856879326141972;0.46711451789624797;0.46361955928416887;0.5372629581661088;0.5052883274114971;0.49026556289763046;0.4843720667585981;0.5976889083390714;0.6258266005121201;0.697937912363158;0.7676541896348713;0.8184274494993777;0.8108682909983081;0.8835843398337192;0.8542577087105953;0.8189201394476583;0.8090887069537046;0.8708004144659304;0.8353647591573036;0.8000684451442704;0.7916420141065219;0.8465044082982269;0.8144919650514996;0.7779284824436469;0.7730083991454186;0.8160208226637102;0.79396949103431;0.7655371968896942;5.899121013634579e-08;-0.023125861324948004;-0.023406698918835782;-0.013327263408198026;0.0018669288954172684;-0.027352416761343964;-0.011609108554811296;0.005919817952842493;0.018741348447554977;-0.0035561403974461465;0.013402089176993651;0.025577181446391803;0.032089611641665794;0.021823880441748513;0.03703793350100895;0.042052806529347994;0.04252387411836115;0.04650178508449211;0.05691931439282464;0.05968136342661332;0.06076277964332025;0.2691209334616695;0.3055640923456459;0.32088496157095453;0.33403562533235936;0.35647687722550875;0.25684523717567126;0.29758590393507556;0.3321051230114414;0.3551891431735937;0.2376209750193435;0.28402331330189073;0.3231945455798008;0.34876007174432194;0.23270019917335064;0.27464415306150347;0.31000589435876863;0.33468668535472135;0.23847977267566342;0.26712729193311135;0.29473771098722845;0.31613002366905035;0.41498967658419883;0.4746654609872142;0.5636178527637387;0.6442547797158787;0.6882354516800906;0.6212358417569396;0.7218455929676769;0.73218752278436;0.7254872108128417;0.6354893626572087;0.7466740686198603;0.7524795787566282;0.7379593930650891;0.6370648027930276;0.7383202748228715;0.745914226657306;0.7333781703183678;0.631328388758501;0.70778163919954;0.7240823657680372;0.7228167304287065;-4.892935051170489e-07;-0.022267313678477785;-0.03174738424492747;-0.035927206173454476;-0.03754754815064718;-0.03603096738731241;-0.04492703301993249;-0.046609422456857556;-0.04596899681524427;-0.024835261670784002;-0.03598896362395482;-0.037385337866711194;-0.037439704825387166;-0.013204932188250496;-0.023052767066065502;-0.024248934543082655;-0.023882120068138703;-0.0025031293861942356;-0.01024905463869143;-0.01211118937299024;-0.012157880169057002;0.9879135065105299;0.9777583205453919
1764173039.107949;0.536986142505772;0.48196645483403405;0.4469330769654296;0.4235180745277738;0.4075784325824087;0.4935122691962617;0.455620271612284;0.4309042894359732;0.4220014681287878;0.5156865029727133;0.46900140271178187;0.4419719149058898;0.43272834104198554;0.5267485470179415;0.4813672513311173;0.45880376837722997;0.4508934998402628;0.5323283750621779;0.4974367178937974;0.4792345484550148;0.4703224603479802;0.57362938706131;0.594115296585635;0.669419538847939;0.7445639451162278;0.8014548650628958;0.7749716502250019;0.864948687870298;0.8456989123215958;0.8122691631686173;0.7757663275096203;0.8460956309497394;0.8134393386794616;0.7788640654575218;0.7610114552593327;0.8133310381121518;0.7800028307760678;0.7436198273216174;0.7449659754523019;0.7805758674478105;0.757144637634837;0.7281226760764803;1.1268760445728112e-07;-0.03588958253660276;-0.04011492168621822;-0.03123608438600369;-0.01675762164439786;-0.04036686160664541;-0.026008140468716676;-0.00578301456260585;0.009865132176613934;-0.009736967467960406;0.005955010136253741;0.020475914015713706;0.029322630170912342;0.02132218342819086;0.03349257161180546;0.03674501355592158;0.03687680566572375;0.0508113630778668;0.056955749355916685;0.05565320313157339;0.05450312559173755;0.26895720441387966;0.3043257091660556;0.3191864331846586;0.3322616866369574;0.35634531475011316;0.2527373708113738;0.2942345989363995;0.32953899289807537;0.3531550055708051;0.23481303827142028;0.2823085224838831;0.32188597716861284;0.34768804508006856;0.231193724731204;0.2733477068301349;0.3088840552889357;0.3340713503697538;0.23791923631309758;0.26656883564902023;0.293513271300189;0.31449357915608206;0.407176583352132;0.46507507505761153;0.554270218958909;0.6355408234062031;0.6784185561523693;0.6078492130856367;0.7085887253640952;0.7221828827573678;0.7182247909875107;0.6235524591100475;0.7333882192530324;0.7402200341377237;0.7264993549726603;0.6271732832059587;0.7275154315924024;0.7371612365305109;0.7268019375290174;0.6234520571597905;0.7001227305403477;0.7175902716553639;0.7179063319692428;-4.824166307250923e-07;-0.022023716832840858;-0.03137155561634745;-0.03564033822165211;-0.03763023873441482;-0.0340723333985854;-0.04411661354586078;-0.047626559681885894;-0.04801053039083931;-0.022955434913576447;-0.0343979387192608;-0.036654564746725515;-0.037168525790836585;-0.011660892548984104;-0.02188942844015568;-0.02376756245899939;-0.02365707722392068;-0.0012525065402948059;-0.009017994032009258;-0.011073706380380785;-0.011201943841460723;0.98874806584269;0.9772347379214708
1764173039.141282;0.5429765923463822;0.4899610203618572;0.4543344162852328;0.4283015217456417;0.40774023741133;0.5011715969876257;0.45924581770769957;0.42943121605057827;0.4161325850239504;0.5204727746894897;0.46934300170678334;0.4385223927717932;0.42552039989756785;0.5283231792243904;0.4789683376447557;0.4537118158016876;0.4428049605429834;0.5307256319434828;0.4928472277890587;0.4723005267992312;0.4612742141909229;0.549666188207701;0.5638226260735995;0.6395683904107393;0.7182212044238598;0.7787727090483247;0.7411550971521614;0.842205474237436;0.8284682961919455;0.7961141546505794;0.7456592479177915;0.8217820988021205;0.791027548777183;0.7562699779724562;0.7346127754485583;0.7859887895310134;0.7527535172608272;0.7161721811294032;0.7212430815891072;0.7529555942495961;0.7289028694548619;0.6991025551613059;1.6368928760379943e-07;-0.04458816358618381;-0.05295057744186593;-0.046667648956724754;-0.03464327821800733;-0.052059589892619176;-0.041576342640392394;-0.021882272578782218;-0.005826617683671068;-0.018018456390130423;-0.00614106805146685;0.008240114654363091;0.01764970866176826;0.015768746274842815;0.023956313121728093;0.0258574722442912;0.025798167962903528;0.047331962418257156;0.049307177124678844;0.045455589253502425;0.043124135025092894;0.26945149323446255;0.30373986041153944;0.3186690583921314;0.3321231791441581;0.35683585212021707;0.25074361706327425;0.2938214542851195;0.3297638569152035;0.35400297861090446;0.23372643536288357;0.2821489412614835;0.3224228223159164;0.3494085014799008;0.23102200519141974;0.27368418183941196;0.30950245180896035;0.3354146625185531;0.23844569404475194;0.2675997530635123;0.29443387542964294;0.3154762655875644;0.39858710224921473;0.45509582274146804;0.5437621813582505;0.6246925977501899;0.6669439651160789;0.5944893456842458;0.6937379667893585;0.7098694497040369;0.708748927135052;0.6117627653064805;0.719288195977025;0.7280957109431098;0.7161902945040024;0.6171693481025032;0.7150372056444246;0.726469890138412;0.7184662430143189;0.6149497445275417;0.6900497578066124;0.7076519207787695;0.7091166133742095;-4.820711684087193e-07;-0.022451950603261318;-0.031964700323459896;-0.03638545168095761;-0.03873452375477576;-0.03356790940853175;-0.044698122175539035;-0.04980268013057581;-0.051158817054272256;-0.022241777792790022;-0.034220251237371165;-0.037394218910406306;-0.038458599705785364;-0.010900917167219663;-0.021705375984632402;-0.024374395114138758;-0.024652281146058625;-0.00044916321209032895;-0.008542038577529287;-0.01085128644939285;-0.011076006539000656;0.9898597973034894;0.9783342443047672
1764173039.1746151;0.5482436978462025;0.49683987852327055;0.4616224630766413;0.4335511614441866;0.41031741680265216;0.5086173938413081;0.4601498504216798;0.4271012964173807;0.4115509767245918;0.5271432502218657;0.46983972219799014;0.4371358901187502;0.42263968881695047;0.5334259925935149;0.4789985325869141;0.45268841316017566;0.44057823316424316;0.5333343248333895;0.4923810470932294;0.4705450920581569;0.4585476727847454;0.5258247406168504;0.5353231040534165;0.6080326183653643;0.6877673180688664;0.748873671237447;0.7099677688565038;0.8142703146531202;0.8002765252416213;0.7679460771449587;0.7196162979469067;0.7979631072414811;0.7680009893431644;0.7319193038898341;0.7135631783779457;0.7660170616250536;0.7346553160380143;0.6973968301825801;0.7029800608130281;0.7352256962648266;0.7115100959200287;0.6806929311961245;2.1128486369745496e-07;-0.04814841934570456;-0.060891319806950714;-0.05896796866527767;-0.051594974976737804;-0.06208167230850798;-0.05862237260259207;-0.04353859958535055;-0.030133182091830593;-0.028955175756488014;-0.024113467580642457;-0.013013712226465874;-0.005280295040497367;0.0038299243415868822;0.006847578828330963;0.007917145332338501;0.007854042594169396;0.03400731549389066;0.031944778248709255;0.02745980406825311;0.02527431805765487;0.2707775147185132;0.3039788132641795;0.31964465829182526;0.3340518519141425;0.3581127218777982;0.2514220954864523;0.2971221357302012;0.33351652936042087;0.3584939310845957;0.23481559339909247;0.28395514042496384;0.32529226481046125;0.3546586483155327;0.2325374119492296;0.27608466452689095;0.31232050103111136;0.3392336989229718;0.24034610913625012;0.27063963419024717;0.29806580867719373;0.31976952588201174;0.389016269145472;0.44462504444866613;0.5317873967493538;0.6111466618748833;0.6533740517993002;0.5811633044498509;0.6768725346830435;0.6946377090096975;0.6964752764980603;0.6001591441887979;0.7041590592581219;0.7161423072337999;0.7073360663896362;0.6070233201147155;0.7004438288296836;0.7133284670891588;0.7079065940183958;0.6056561936974725;0.6769254151344484;0.6933575114195408;0.6954234454598129;-4.899813918767832e-07;-0.02372937630987408;-0.03378262449639102;-0.038434986629352116;-0.041130101158781;-0.03490160260886552;-0.047039023862355;-0.053443751988433874;-0.05570603638776321;-0.023002155685907383;-0.035829018129364634;-0.039992488865333;-0.04172209278827928;-0.011131996716584451;-0.022759138387855978;-0.026356715380868572;-0.027189873416371687;-0.00021117988769087754;-0.009020533829672961;-0.01165910384738976;-0.011999185579778122;0.9913218735252333;0.9814853304519334
1764173039.207948;0.5535108033460228;0.5037187366846838;0.46891050986804983;0.4388008011427315;0.41289459619397434;0.5160631906949905;0.4610538831356599;0.42477137678418314;0.4069693684252332;0.5338137257542417;0.47033644268919694;0.4357493874657071;0.4197589777363331;0.5385288059626393;0.47902872752907244;0.4516650105186637;0.43835150578550297;0.5359430177232962;0.4919148663974001;0.4687896573170826;0.45582113137856783;0.5019832930259998;0.5068235820332335;0.5764968463199892;0.657313431713873;0.7189746334265692;0.6787804405608463;0.7863351550688045;0.7720847542912972;0.7397779996393379;0.693573347976022;0.7741441156808417;0.7449744299091459;0.7075686298072119;0.6925135813073331;0.7460453337190938;0.7165571148152013;0.6786214792357572;0.6847170400369489;0.717495798280057;0.6941173223851955;0.6622833072309431;2.5888043979111046e-07;-0.05170867510522531;-0.0688320621720355;-0.07126828837383059;-0.06854667173546827;-0.07210375472439678;-0.07566840256479176;-0.06519492659191889;-0.05443974649999012;-0.039891895122845605;-0.04208586710981806;-0.03426753910729484;-0.028210298742763;-0.008108897591669047;-0.010261155465066167;-0.010023181579614196;-0.010090082774564732;0.02068266856952416;0.014582379372739672;0.009464018883003793;0.007424501090216841;0.2721035362025638;0.30421776611681955;0.3206202581915191;0.33598052468412687;0.35938959163537937;0.25210057390963025;0.30042281717528285;0.33726920180563824;0.36298488355828695;0.23590475143530135;0.28576133958844413;0.3281617073050061;0.35990879515116453;0.23405281870703948;0.2784851472143699;0.3151385502532624;0.3430527353273905;0.2422465242277483;0.273679515316982;0.3016977419247445;0.3240627861764591;0.37944543604172926;0.43415426615586417;0.5198126121404572;0.5976007259995767;0.6398041384825215;0.5678372632154558;0.6600071025767286;0.6794059683153579;0.6842016258610686;0.5885555230711151;0.6890299225392189;0.7041889035244902;0.6984818382752701;0.5968772921269277;0.6858504520149425;0.7001870440399054;0.6973469450224726;0.5963626428674031;0.6638010724622844;0.6790631020603122;0.6817302775454163;-4.97891615344847e-07;-0.02500680201648684;-0.03560054866932215;-0.04048452157774662;-0.04352567856278624;-0.036235295809199285;-0.049379925549170964;-0.05708482384629193;-0.06025325572125416;-0.02376253357902474;-0.03743778502135811;-0.04259075882025969;-0.044985585870773184;-0.011363076265949242;-0.023812900791079557;-0.028339035647598383;-0.029727465686684745;2.6803436708573865e-05;-0.009499029081816636;-0.012466921245386668;-0.012922364620555587;0.992783949746977;0.9846364165990997
1764173039.241281;0.5570942973619006;0.5089661921249845;0.4745629989929008;0.44343260782769106;0.41664599156233256;0.5225478286202963;0.4644470277710585;0.4261682360222324;0.40638486594836;0.5399195023665159;0.47346033601873755;0.43744579058305805;0.4198269678630156;0.5438310292613978;0.4818251369603669;0.45336154805920503;0.4385865117205689;0.5398196920132327;0.4940942978335467;0.4697766263785163;0.45558429608305245;0.47952263730980776;0.48300910528870805;0.5513302256617194;0.6327375554198589;0.6949209504643661;0.6524381701901779;0.7611572756027297;0.7476893114202684;0.7170752787741934;0.6705991259499767;0.7523674216991626;0.7248221398735925;0.6878683000931405;0.6730016241998278;0.7275514215897587;0.7004533912091737;0.6635253466351547;0.6672014180293527;0.7011501039786461;0.6794029874928627;0.648747314614639;2.956406543886353e-07;-0.053583015801404135;-0.07318491378367398;-0.07812081432864094;-0.0781121061505906;-0.07777304469727636;-0.08576329487868037;-0.07853685845414303;-0.06983974663886332;-0.04643713823373811;-0.05311509085654171;-0.04762354737967674;-0.04286184760242926;-0.015579054386770388;-0.02114008430656737;-0.02149444934912024;-0.021615004045721406;0.012053966422199705;0.0032486796847525146;-0.002277637088447721;-0.004241798049387094;0.27513539635101253;0.30701060173128014;0.3239609375862431;0.3401030069439073;0.3635220267746063;0.25529753003811767;0.3057774196030195;0.34299016470273286;0.3685583751607682;0.23937540441624436;0.28984496491811934;0.33274852460490006;0.36509494086489114;0.237962974397637;0.2831711790701671;0.3201284049284417;0.3481754313349767;0.24657278034534144;0.2791587465880203;0.30751495285770436;0.3301345307802078;0.37226995489849335;0.4251034407264088;0.509117036796956;0.5859243917935687;0.6270502852470633;0.5554991987737754;0.6447944189119588;0.6635176378469962;0.6690737173291825;0.578016726043981;0.6768279980484234;0.6921242794529462;0.6869631929109287;0.5880104097902097;0.674356234637282;0.6881351256391309;0.6858434010219193;0.5886351943649911;0.6527400931864594;0.6659307144022181;0.6678409988506617;-4.888493540368358e-07;-0.02757834451657121;-0.039198938388852786;-0.044351636942511485;-0.04773316861188005;-0.04020774943269458;-0.05411358321023073;-0.062220858722832235;-0.06575322783062713;-0.026661167672215724;-0.041454775487460335;-0.04710097913024106;-0.04972284943485905;-0.013206183085451795;-0.026782378324245633;-0.03204314534162718;-0.03379329768272275;-0.000880152522316648;-0.011576555383861735;-0.015232782448403887;-0.016047851267707962;0.9932589116067426;0.9864621029618266
1764173039.274614;0.5590169629866742;0.512604321433698;0.47860206326658217;0.44745494218503173;0.42155571309474327;0.5280843142837314;0.47029560098196643;0.4312414423366516;0.40974337936057265;0.5454682217195138;0.4791758505624705;0.44218338074350283;0.4228037565626917;0.5493299640198746;0.4873503277068632;0.4577412188044935;0.441249938118367;0.544947189030768;0.4988835402519435;0.47346888828127254;0.45780347551155826;0.45842408821352854;0.4638162745008857;0.532446567285327;0.6139601463408646;0.6766335214041767;0.6308753930904417;0.7386993639833215;0.7270388236746799;0.6997639558429469;0.6506521049996987;0.7326053883648903;0.7075052238338706;0.6727553850108675;0.6550064992892884;0.7105153270282232;0.686317155401235;0.6520586441879784;0.6504230807849054;0.6861698819363156;0.6673308458759515;0.6400190020297383;3.2171213457665537e-07;-0.053794255699748;-0.0739984269646011;-0.0795992675704821;-0.08039123115204484;-0.0791484454095494;-0.08900111424735725;-0.08367690784984246;-0.07645370858144906;-0.048650331751539044;-0.05729509578175799;-0.05318861249337574;-0.04934696794328497;-0.01864101724724351;-0.025873511133947546;-0.026584199060582424;-0.02680758765154849;0.008057662237917635;-0.0021379028278499168;-0.007849796439700516;-0.009808256422094725;0.279850011286713;0.31232276026485706;0.32963469157093545;0.3463896114611552;0.3704713850007361;0.2609788831401555;0.3131581487907677;0.35065278260491367;0.37519975667533645;0.2451953252984873;0.2961751976578387;0.33902947672276995;0.3702179515374657;0.24423547262098277;0.29011183141543684;0.32726067558898736;0.35458414546605915;0.2532920503422471;0.28704431804748315;0.31548786969846393;0.33796069275529966;0.36745741115538816;0.4174533529683036;0.49968336010786263;0.576092359293769;0.6151014489438551;0.5441357415516006;0.6312121182430593;0.6469816027577017;0.6511301755038755;0.5685283436154536;0.6675136739461952;0.6799499400836455;0.6728161859223571;0.5804053633544204;0.6659192380203219;0.6771579684108072;0.673408735063086;0.5824526552635636;0.6437145553069957;0.6539446236485642;0.6537582632004717;-4.630840136310623e-07;-0.031426491466376764;-0.0445536999063776;-0.05001173672643372;-0.05372805200668653;-0.046783255048830644;-0.061207617414757075;-0.06883162636804224;-0.07219305980373956;-0.031669122495520376;-0.04784740078508607;-0.05349727675814447;-0.05591394001375468;-0.016639502779488773;-0.031641647004254154;-0.03744574473570559;-0.03936668884493733;-0.002916554132038917;-0.015231474208625282;-0.019930190670088832;-0.021345843290059834;0.9927601170070898;0.986980325213887
1764173039.307947;0.5609396286114479;0.5162424507424116;0.48264112754026356;0.4514772765423724;0.426465434627154;0.5336207999471665;0.47614417419287436;0.4363146486510708;0.41310189277278525;0.5510169410725116;0.4848913651062034;0.4469209709039476;0.42578054526236775;0.5548288987783512;0.49287551845335953;0.4621208895497819;0.44391336451616503;0.5500746860483033;0.5036727826703402;0.47716115018402877;0.46002265494006406;0.43732553911724936;0.4446234437130634;0.5135629089089347;0.5951827372618704;0.6583460923439873;0.6093126159907055;0.7162414523639133;0.7063883359290913;0.6824526329117003;0.6307050840494207;0.712843355030618;0.6901883077941486;0.6576424699285944;0.6370113743787491;0.6934792324666876;0.6721809195932963;0.640591941740802;0.6336447435404582;0.671189659893985;0.6552587042590402;0.6312906894448375;3.4778361476467545e-07;-0.05400549559809186;-0.07481194014552824;-0.08107772081232324;-0.08267035615349909;-0.08052384612182245;-0.09223893361603415;-0.08881695724554188;-0.08306767052403481;-0.05086352526933998;-0.06147510070697426;-0.05875367760707474;-0.05583208828414068;-0.02170298010771663;-0.03060693796132772;-0.03167394877204461;-0.03200017125737557;0.004061358053635566;-0.007524485340452349;-0.013421955790953313;-0.015374714794802357;0.28456462622241346;0.31763491879843403;0.3353084455556277;0.35267621597840315;0.3774207432268659;0.26666023624219337;0.32053887797851593;0.3583154005070945;0.3818411381899046;0.2510152461807303;0.302505430397558;0.3453104288406399;0.3753409622100402;0.2505079708443286;0.2970524837607066;0.33439294624953303;0.3609928595971416;0.26001132033915275;0.29492988950694604;0.3234607865392235;0.34578685473039145;0.362644867412283;0.40980326521019844;0.4902496834187693;0.5662603267939694;0.6031526126406469;0.5327722843294257;0.6176298175741599;0.6304455676684071;0.6331866336785685;0.559039961186926;0.6581993498439671;0.6677756007143448;0.6586691789337855;0.5728003169186312;0.6574822414033618;0.6661808111824835;0.6609740691042525;0.576270116162136;0.634689017427532;0.6419585328949103;0.6396755275502816;-4.3731867322528885e-07;-0.035274638416182315;-0.049908461423902414;-0.055671836510355954;-0.059722935401493;-0.05335876066496671;-0.06830165161928342;-0.07544239401325226;-0.07863289177685201;-0.036677077318825024;-0.054240026082711806;-0.05989357438604787;-0.06210503059265031;-0.02007282247352575;-0.03650091568426268;-0.042848344129784;-0.044940080007151904;-0.0049529557417611865;-0.018886393033388828;-0.024627598891773777;-0.026643835312411705;0.9922613224074369;0.9874985474659473
1764173039.34128;0.5637722526830292;0.5204675428241649;0.48681307989168154;0.4558030091396075;0.4315436045026353;0.5395084979945118;0.4826207296820132;0.4419776287958887;0.41753004620518447;0.5566321402358976;0.4904437827906782;0.4531099418582452;0.4328717800975357;0.5600261252338423;0.4976470158642836;0.46784245880049635;0.4507318010676003;0.554866002975507;0.5074870702540017;0.4814085985348104;0.4650166511619659;0.4203420339220326;0.42895994742467486;0.4971577992087173;0.5788099726815219;0.6421474571136883;0.5903889932562354;0.697626694604257;0.690780029824025;0.6704073865745795;0.6135842292376037;0.6955660357038369;0.6717006830266855;0.6391837858076759;0.6222404565347396;0.6786445931549332;0.6558632407405023;0.6240835002048725;0.6206175341228795;0.6576585857486457;0.6415059183377476;0.6186519197754188;3.595322435072091e-07;-0.05368688051066602;-0.07500424386613287;-0.08192144387564448;-0.084222108136633;-0.08181886559221514;-0.09505516102070583;-0.09268631763748544;-0.08767668957905832;-0.05289523474441421;-0.0649979677124735;-0.06239700537179573;-0.05937532095027732;-0.02444225421554632;-0.03463569396405151;-0.03490335332976652;-0.03436698076256128;0.0005884530899980015;-0.011798770474758155;-0.017330789650213042;-0.018803398563776722;0.28687270825189276;0.3203916642754447;0.3386002251528055;0.35658354150292054;0.3819114256961958;0.27030125001063304;0.32499662719404854;0.3628027416782415;0.38598634078299116;0.25473821086830806;0.3070368638704493;0.34979280543312924;0.37930394667825257;0.2544474412254693;0.3019971293090562;0.33973629120404614;0.3663210111529692;0.264211897241948;0.3000872696731661;0.3291336656118181;0.35164651904702365;0.35957253197805666;0.40371159959835323;0.4822489801362465;0.5579000806639909;0.5936252583261598;0.5239599621038017;0.6068764222618009;0.6183129362353847;0.6201738115693655;0.5522983239590489;0.6498930205668461;0.6580550170789711;0.6478241429795168;0.5676449613655021;0.650483472535897;0.6581594812830641;0.6523170669581653;0.5722379413485306;0.6281654415158389;0.6340858533879445;0.6311336070815017;-4.216543900803903e-07;-0.03743294348595234;-0.05309114164575207;-0.05922614612932764;-0.0636027294157823;-0.05767144661879907;-0.07294696153964539;-0.07952140078757708;-0.08242620832236423;-0.04015529032081796;-0.058631486944902604;-0.06412653162363872;-0.06618563766152304;-0.022684849556442493;-0.040110164311297374;-0.046783356489807276;-0.0490777894703241;-0.0067783273952704455;-0.021953014587611404;-0.028493488623421003;-0.031044260626147444;0.9924245213614489;0.9880961738631007
1764173039.374613;0.5675613795473033;0.525309620806306;0.4911247175418255;0.46044765878714855;0.436798838848628;0.5457653729281392;0.48975738872312913;0.44826054968394874;0.42308255171110276;0.5623172196498785;0.4958247612166823;0.46082453168827403;0.4442879148583961;0.5649062110161557;0.5016262685492668;0.47497456462291143;0.46191777641112347;0.5593039442113501;0.5102765340938481;0.4862396311029421;0.47292739596882255;0.4076840569937691;0.41700631098417107;0.48335801587137195;0.5649648500901641;0.6281444574518689;0.5742395175496655;0.6830516679031962;0.6804718127915345;0.6638975764834609;0.5994340988731888;0.6809005234277468;0.6519824678169416;0.6172081966671968;0.6108586638471313;0.6661240134596272;0.6372525380998371;0.6022754347846447;0.6115333226023305;0.6456507833695716;0.6259865232088548;0.6019026732648117;3.562254074040752e-07;-0.05281130837164196;-0.07454356328209133;-0.08209797033181232;-0.0850092819944761;-0.08302939232273776;-0.09742823204569612;-0.09521999332316534;-0.09017821298098848;-0.0547361772736941;-0.06783008421436594;-0.06402029898268471;-0.059826188479820075;-0.026842334051201497;-0.03792373525163908;-0.03617725613774635;-0.03376347791088663;-0.0023342807993493;-0.014903864254911494;-0.01949121897096898;-0.019984960625389566;0.2866511632928179;0.32046228739855653;0.33938819244759383;0.35798988798919074;0.3838176712212284;0.27179756115284387;0.3263818861038781;0.3639523908136025;0.3875076849814068;0.2562569601179302;0.3096774895506874;0.35238460941878064;0.3820475696382974;0.2559345494637806;0.3048436723757095;0.343199206959025;0.37051332939186193;0.26576494997822303;0.3023769116474485;0.33238886005687107;0.35543909941192253;0.35832941645288124;0.3992580693764496;0.4757545468048931;0.5510869027302796;0.5866432447278256;0.5178292653494262;0.5990966307258422;0.6108089424169192;0.612343915334398;0.5484439278622962;0.6426462450183783;0.6509136987060066;0.6404499737739238;0.5650645983065016;0.6449964967220014;0.6532451691872961;0.6476309560098272;0.5704661218883202;0.6242718028477411;0.6305369859833376;0.6284159143160921;-4.1660783295701673e-07;-0.037814971316763146;-0.05399063868208634;-0.06056695448275655;-0.0652592472943789;-0.05960556975589325;-0.07501829500585742;-0.08093914720223654;-0.0834376402595356;-0.0420255152555351;-0.06091942387383462;-0.0660854936781107;-0.06804781005532803;-0.024433574937055832;-0.04240545439903174;-0.04917571478522128;-0.05170638216078048;-0.008381874916955105;-0.02440124748443972;-0.0314853277204629;-0.03450120872240005;0.9932835748185389;0.9887772659248667
1764173039.4079459;0.5713505064115774;0.5301516987884471;0.49543635519196955;0.4650923084346897;0.4420540731946208;0.5520222478617666;0.4968940477642451;0.45454347057200883;0.42863505721702105;0.5680022990638594;0.5012057396426863;0.46853912151830285;0.45570404961925653;0.569786296798469;0.5056055212342501;0.48210667044532657;0.47310375175464664;0.5637418854471933;0.5130659979336946;0.4910706636710738;0.48083814077567916;0.39502608006550555;0.4050526745436673;0.4695582325340266;0.5511197274988062;0.6141414577900495;0.5580900418430957;0.6684766412021353;0.6701635957590439;0.6573877663923424;0.5852839685087738;0.6662350111516567;0.6322642526071978;0.5952326075267178;0.5994768711595229;0.6536034337643213;0.618641835459172;0.5804673693644171;0.6024491110817816;0.6336429809904975;0.6104671280799621;0.5851534267542047;3.5291857130094135e-07;-0.05193573623261791;-0.0740828826980498;-0.08227449678798014;-0.08579645585231922;-0.08423991905326039;-0.09980130307068641;-0.09775366900884523;-0.09267973638291863;-0.05657711980297398;-0.0706622007162584;-0.0656435925935737;-0.06027705600936283;-0.02924241388685667;-0.041211776539226655;-0.037451158945726176;-0.03315997505921197;-0.005257014688696602;-0.018008958035064835;-0.021651648291724918;-0.021166522687002406;0.28642961833374314;0.3205329105216684;0.3401761597423822;0.359396234475461;0.385723916746261;0.27329387229505475;0.32776714501370763;0.3651020399489635;0.38902902917982246;0.2577757093675524;0.3123181152309255;0.35497641340443203;0.3847911925983422;0.2574216577020918;0.3076902154423627;0.3466621227140038;0.37470564763075465;0.26731800271449807;0.3046665536217309;0.33564405450192397;0.3592316797768214;0.3570863009277059;0.394804539154546;0.4692601134735397;0.5442737247965683;0.5796612311294915;0.5116985685950508;0.5913168391898834;0.6033049485984536;0.6045140190994305;0.5445895317655437;0.6353994694699107;0.6437723803330422;0.6330758045683308;0.562484235247501;0.639509520908106;0.6483308570915283;0.6429448450614891;0.5686943024281098;0.6203781641796432;0.6269881185787308;0.6256982215506826;-4.1156127583364314e-07;-0.038196999147573955;-0.054890135718420614;-0.06190776283618546;-0.06691576517297551;-0.06153969289298743;-0.07708962847206946;-0.082356893616896;-0.08444907219670696;-0.04389574019025225;-0.06320736080276665;-0.06804445573258268;-0.06990998244913305;-0.026182300317669167;-0.0447007444867661;-0.05156807308063529;-0.05433497485123685;-0.009985422438639766;-0.026849480381268033;-0.03447716681750479;-0.03795815681865265;0.9941426282756289;0.9894583579866327
1764173039.441279;0.575196112212342;0.5348113803448638;0.49976608864506616;0.46971052028718324;0.44702961479613584;0.5574766492446737;0.5027843988133409;0.4597795328959951;0.4331344825457387;0.5728395005567413;0.50566108961519;0.47364265967850133;0.4620075880547489;0.5739933874819954;0.5089796844031889;0.4868187578432082;0.47935791381363263;0.5674799276853936;0.5155061560419633;0.49476768071412464;0.48618163741966725;0.3850499585918758;0.3953030606229013;0.45847177136026335;0.5395067740218848;0.6026102151094447;0.5465641901361555;0.6563409345568949;0.6604627457823914;0.6499027167944037;0.5743923925049381;0.654036857291362;0.6189620083067279;0.5816946653935691;0.5896543973062781;0.6423993252342184;0.6053178881326851;0.5664597404617586;0.593717684101394;0.6224673780685976;0.5977124248894233;0.5721754071348019;3.6324473754423343e-07;-0.05168250897269591;-0.0741664473117029;-0.08279131874361212;-0.08683135452961614;-0.08504888694131525;-0.1016711827438995;-0.1002271407279653;-0.09545124373559287;-0.05775290801666642;-0.0727175089581635;-0.06744034982493959;-0.06169414447579772;-0.030802745803268437;-0.04370189105574457;-0.03934760956447166;-0.034294441469078715;-0.007167022549248902;-0.020246102926881938;-0.023561670469316606;-0.022634959098918193;0.2865467669135787;0.32081814525736674;0.3409958692175189;0.36084953565998856;0.3876233875754576;0.2744258765532017;0.3291710933595965;0.36616994783136675;0.3901180414344189;0.2593114979217324;0.3145452716284242;0.3568481267506202;0.3863798992399505;0.2591782524532352;0.31015696003050874;0.34926391615311964;0.3774542451761491;0.2692050489923031;0.30693506658191255;0.3383833291454435;0.3621094098910423;0.3563974100699846;0.39080888214719234;0.4633695900776095;0.5378937754254858;0.5730092519196003;0.5067178250246591;0.5844945986077512;0.5963248783366323;0.5973888534655992;0.5413658500722268;0.6291169119782244;0.6370757586989427;0.6260707811517208;0.5602361568834902;0.6345462898911509;0.6432465860221573;0.6377154949599718;0.5670905480283508;0.616640956591766;0.6228542055233444;0.6217080811794052;-3.997226156713818e-07;-0.03922225662295699;-0.05654799903862903;-0.06393960388113937;-0.06921964157774264;-0.06369814928346604;-0.0793655797044148;-0.08416224121569794;-0.08598883432120305;-0.04566594572622352;-0.06535515328221635;-0.07000195243796115;-0.07181790589443472;-0.027555892671052115;-0.046548932607409436;-0.05348595398343536;-0.05639995398554636;-0.011006378966361413;-0.028593252474844687;-0.03665906341459197;-0.040476221067964065;0.9948393249625115;0.9896205541532029
1764173039.474612;0.5791270977356364;0.5391953315638044;0.5041231776882474;0.47428876588418895;0.4515823423292388;0.5617179440544845;0.5067906947233423;0.46343304959708836;0.4360419569823522;0.5763949572764218;0.5087171586267472;0.474799047255953;0.46058236807530833;0.5771831053471064;0.5114391282414205;0.4878724813546043;0.4781566088265281;0.5701599262363198;0.5174182654953986;0.49675039616276917;0.4876442016412108;0.3791280224271442;0.38888528761271207;0.4514870640058179;0.5312682109190193;0.5948155499625365;0.5420279129272667;0.6478927702498967;0.6516800581140885;0.6409433887545094;0.5684268027969263;0.6455686316133711;0.6153588456468264;0.5809119910656565;0.5821891599324425;0.6331853381509416;0.5999859769502224;0.5642441024652023;0.5855195647224499;0.6125498186432329;0.5891371316744439;0.5648983855436206;3.9418003756226246e-07;-0.052370086132924216;-0.0750727523460299;-0.08382256850415352;-0.0882407410720006;-0.08525081467104316;-0.1027803834691048;-0.10260960156268352;-0.09863088828479413;-0.0579231763952963;-0.07359850908065446;-0.06949933359075594;-0.06457187792991445;-0.031093623144306973;-0.04498577240736248;-0.04218517137701099;-0.038056211835720444;-0.007546083251263819;-0.021171161581580104;-0.025093149888645326;-0.024537066078160183;0.28717592159996896;0.3214278103218375;0.3418635636356989;0.3623738186893915;0.38951261703527584;0.2750071547777177;0.33060329469614247;0.3671142867174247;0.39055349355318836;0.2608730449477544;0.31614738274659365;0.3576312725207511;0.3862227083675365;0.2613422324194851;0.3120495598006537;0.35056394314687966;0.37802035700419456;0.27159699634782947;0.3091716386190998;0.340342683127567;0.36360415255165834;0.35654634568823507;0.3875053962471812;0.45839200282962134;0.5321687416170484;0.5668561886996608;0.5034754761527485;0.5791198965209609;0.5901368280856814;0.5913290354980343;0.5390956250851991;0.6242919717021204;0.631051389173922;0.619623798785366;0.558490396318327;0.6303748086523949;0.637905386424925;0.6316649252844345;0.5657408591106982;0.6131402272921538;0.6178358736308699;0.6157943701767807;-3.7761627150355493e-07;-0.041219890208606044;-0.05935229157504819;-0.06701608533768162;-0.07250213576068118;-0.06619573229562632;-0.08195085347685595;-0.08655352905365295;-0.08832727800029166;-0.0472849510264402;-0.06729108812137706;-0.07195723396177305;-0.07379499162084442;-0.028362393011607825;-0.047721232613565444;-0.05468656309173357;-0.05761291337536203;-0.011146627384054135;-0.029272084758073677;-0.03761656256002116;-0.04157496605737502;0.9952905854416233;0.9889983306704907
1764173039.5079453;0.5830581134492089;0.5435793164518351;0.5084803001942152;0.4788670466424809;0.4561351048276472;0.5659592714377731;0.5107970214020113;0.46708659435747724;0.43894945374859806;0.5799504413022896;0.5117732511091545;0.47595544371455223;0.4591571371500663;0.5803728477095015;0.5138985909683742;0.4889262129586799;0.4769552946133068;0.5728399453698458;0.519330389633985;0.49873312683882426;0.4891067770953626;0.37320604078147723;0.3824674653135213;0.4445023030082707;0.5230295845433413;0.587020824951987;0.5374916008794122;0.6394445410603322;0.6428973029940536;0.6319839919062711;0.5624611672727163;0.6371003408987409;0.6117556553143525;0.5801293107267436;0.5747238652249967;0.6239712803035193;0.5946540248182625;0.562028447452372;0.5773213823813044;0.6026321830502317;0.5805617726005382;0.5576213080643412;4.2511557516582854e-07;-0.053057668573799184;-0.07597906434085085;-0.08485382618477419;-0.08965013843858455;-0.08545274395159189;-0.10388959271305889;-0.10499208069488829;-0.1018105572539156;-0.05809344608160073;-0.07447951596929565;-0.07155833316972955;-0.06744963348525042;-0.031384502719306366;-0.04626966361929014;-0.0450227549822482;-0.04181801109305443;-0.007925146864494737;-0.02209622734080149;-0.026624641069856427;-0.026439187665733367;0.2878050811183167;0.3220374800685839;0.34273126471784027;0.36389811342540795;0.39140186100452484;0.2755884374664962;0.3320355070321074;0.36805863285607954;0.3909889490162643;0.2624346039665803;0.3177495061691024;0.3584144243055031;0.3860655162878843;0.2635062290052713;0.3139421741061137;0.35186398012494924;0.37858647318002336;0.27398896207369966;0.31140822783333616;0.3423020521576831;0.36509890669201556;0.3566952824503227;0.38420188497613855;0.45341437735337164;0.5264436638399012;0.560703078223712;0.5002331023793436;0.5737451531560358;0.5839487303100179;0.5852691709905907;0.536825382662665;0.6194669943700956;0.6250269733812696;0.6131767669056796;0.5567446223455853;0.6262032953763349;0.6325641458068596;0.6256143091400462;0.5643911598273285;0.6096394711066653;0.6128175031972117;0.6098806137563906;-3.5550975755726626e-07;-0.043217539136238145;-0.06215660564865457;-0.07009259042184342;-0.07578465515343318;-0.06869333448942057;-0.08453614710440298;-0.08894483525688661;-0.09066573963881165;-0.04890396876074492;-0.0692270378286696;-0.07391253050230082;-0.07577209253142797;-0.029168899546149575;-0.0488935416230777;-0.055887181420804156;-0.0588258820808012;-0.011286876878865737;-0.029950922254787984;-0.03857406905911909;-0.042673719485233894;0.9957418493864509;0.9883761024090532
1764173039.5412781;0.5848699128370098;0.5452674586899119;0.5093260808607915;0.47898558111379846;0.45505129154268936;0.5655453692046403;0.509362482674576;0.4656136013762763;0.43696773380450077;0.5794526836983714;0.51193177316967;0.4732095479513539;0.4527218367187273;0.5799316550279205;0.5142193651493102;0.4858126175308989;0.4699276603462454;0.5723590055433165;0.519540381022685;0.49694991274669337;0.48460448897318925;0.36954850944685197;0.37755292986112937;0.43873933697965856;0.5151525251169322;0.5780936549451592;0.5325439968163268;0.6292580133407694;0.633357898779935;0.6233514571926961;0.5576508192918794;0.6348914184464436;0.6159657066133732;0.58756918563972;0.5693067901475326;0.62277658492955;0.6000170073176491;0.5721789906012489;0.570838135283956;0.5996312565149041;0.5818532875545884;0.5619729277115985;4.632128093060149e-07;-0.052710937606567865;-0.07581727599835356;-0.08504435921978507;-0.090520964168366;-0.08428981720961172;-0.10318865075566229;-0.10555907882345139;-0.10343125118344013;-0.05783421217400561;-0.07553178954674711;-0.0743500125087253;-0.07121019662015435;-0.03204130104780881;-0.048037238106001974;-0.04839418438797567;-0.04617270213612809;-0.009375127857104227;-0.024177717134867292;-0.029124019163490094;-0.02927335575305836;0.28959064983056276;0.3235960925948981;0.3446584327078536;0.3663443598593411;0.3938881851884058;0.2778927288838006;0.33472354884267974;0.370297022169207;0.392755736627353;0.2653908133337836;0.32090422264642;0.36092919950253965;0.3875062587242789;0.266772390822721;0.3171173728736238;0.3543631800560344;0.37997219511836255;0.27719820453678023;0.3144661385369127;0.34482416924895354;0.36684074326610955;0.35731517316585604;0.3821430922702708;0.4501220375737418;0.5220954296368245;0.5554268253694016;0.49741510400904365;0.5692722596934078;0.5787696257081097;0.58000640578369;0.5345129736625841;0.6158488423904993;0.6199333145168183;0.6071805153412427;0.5548413248608831;0.6226466891437203;0.6272941341432353;0.6191865781458926;0.5628268555270015;0.6067615965497031;0.6083272153038836;0.6041174770579019;-3.392539092654185e-07;-0.04432600064042113;-0.06371726058270909;-0.07175225843192874;-0.0775610335002762;-0.07039156350419092;-0.08659724606540542;-0.0911282437817466;-0.09287957973893872;-0.05014153889377689;-0.07058380517095725;-0.07506922951733402;-0.07675020397323035;-0.03001395571177701;-0.0499569796354983;-0.05672704115398338;-0.059416396292127596;-0.011815160311323705;-0.03056841868653121;-0.03898075802162701;-0.04286517493707055;0.9956185444371081;0.9892489396565834
1764173039.5746112;0.5838382554851522;0.5433384499438991;0.5054604993203137;0.4731202166510496;0.44640454656945733;0.5588852712341452;0.5006276046045637;0.4572620203074605;0.42842584791721916;0.5735164516760499;0.5082024586364935;0.4652276921754007;0.4395641692481831;0.5746186217410384;0.5116705402190177;0.47710744573073377;0.4550824422525017;0.567636818861457;0.5174665243803861;0.4901136938455708;0.4720987511710943;0.36892928469022895;0.3746553908836747;0.4346156647105118;0.5077605198573166;0.5676469258384014;0.527044487426862;0.6167390047321307;0.6228031563063908;0.6151574033990534;0.5543905380182815;0.6410810305280278;0.6306592805807401;0.6060418163189737;0.5666378742751472;0.6323419208129613;0.6197300589356711;0.5989220833770285;0.5666558494212476;0.6059108486077056;0.5963837727516239;0.5819274893320528;5.109196994870549e-07;-0.05097640480038964;-0.07422235384092198;-0.08410684521857052;-0.0906691660820213;-0.08129557202833475;-0.10005891676136927;-0.10369014667625641;-0.1029601946187201;-0.056998685721829055;-0.07681387241356454;-0.07812479952796725;-0.07615531261889644;-0.03318908055090469;-0.05045381669946683;-0.052481940396879326;-0.051322955336412006;-0.012262035727880115;-0.027810869551725848;-0.032922092998221575;-0.033358133871830654;0.29292785820323414;0.326427972726529;0.3480071687318699;0.37002766754637634;0.3971756721342145;0.28250890475216767;0.3390966375681965;0.37427172730031805;0.3963088679743592;0.2702183363940885;0.3261421757486655;0.36576742014028507;0.39109105739073097;0.2715174252887942;0.32201352229395985;0.3584713921987151;0.382457643906068;0.28150406765197916;0.3186260954115976;0.3481013840301976;0.36891412261591344;0.35856697649303615;0.38175438941277307;0.4490909093939981;0.5195945414745006;0.5513270488527725;0.49516648568213545;0.5660093844388592;0.5749442923760627;0.5758131006899031;0.5321439634917928;0.6138499206699037;0.6160884536961746;0.601789040070412;0.5527266493343443;0.6199151026915666;0.6221196401909672;0.6122527840573292;0.5609745871134337;0.6047194487305454;0.6045454400999604;0.5985563761847442;-3.308480707722725e-07;-0.0442413992487051;-0.0636092420279608;-0.07151089109844871;-0.07731655338965536;-0.07101724467940015;-0.0879550238903447;-0.09303272643787067;-0.09492623070902682;-0.05086731141794919;-0.07116346393613951;-0.07515441585175443;-0.07638792340569618;-0.03091074486056109;-0.050874350077640317;-0.05708285881797889;-0.05917173330584973;-0.012864096818789066;-0.03110361661821877;-0.03864838735144471;-0.0418392580650568;0.9947243058200937;0.9921278019711932
1764173039.6079443;0.5828065981332945;0.5414094411978864;0.501594917779836;0.4672548521883007;0.43775780159622535;0.5522251732636502;0.4918927265345513;0.4489104392386447;0.41988396202993755;0.5675802196537284;0.504473144103317;0.4572458363994475;0.42640650177763895;0.5693055884541564;0.5091217152887252;0.46840227393056866;0.44023722415875804;0.5629146321795975;0.5153926677380872;0.4832774749444482;0.4595930133689993;0.36831005993360594;0.3717578519062201;0.43049199244136505;0.5003685145977009;0.5572001967316436;0.5215449780373973;0.6042199961234921;0.6122484138328466;0.6069633496054107;0.5511302567446835;0.6472706426096119;0.6453528545481068;0.6245144469982272;0.563968958402762;0.6419072566963725;0.6394431105536933;0.6256651761528081;0.5624735635585392;0.612190440700507;0.6109142579486595;0.6018820509525072;5.586265896680949e-07;-0.049241871994211414;-0.0726274316834904;-0.083169331217356;-0.0908173679956766;-0.07830132684705778;-0.09692918276707625;-0.10182121452906141;-0.10248913805400008;-0.0561631592696525;-0.07809595528038196;-0.0818995865472092;-0.08110042861763853;-0.03433686005400058;-0.052870395292931686;-0.05656969640578297;-0.05647320853669592;-0.015148943598656003;-0.0314440219685844;-0.03672016683295306;-0.03744291199060294;0.29626506657590557;0.32925985285816;0.35135590475588613;0.3737109752334115;0.4004631590800232;0.2871250806205347;0.34346972629371325;0.3782464324314291;0.39986199932136535;0.2750458594543933;0.33138012885091106;0.37060564077803054;0.3946758560571831;0.27626245975486735;0.32690967171429597;0.36257960434139586;0.38494309269377347;0.2858099307671781;0.32278605228628254;0.3513785988114416;0.3709875019657174;0.35981877982021626;0.3813656865552753;0.4480597812142544;0.5170936533121766;0.5472272723361433;0.49291786735522725;0.5627465091843105;0.5711189590440158;0.5716197955961162;0.5297749533210016;0.6118509989493082;0.6122435928755309;0.5963975647995813;0.5506119738078056;0.6171835162394128;0.6169451462386992;0.6053189899687658;0.5591223186998658;0.6026773009113877;0.6007636648960373;0.5929952753115865;-3.2244223227912654e-07;-0.04415679785698907;-0.06350122347321249;-0.07126952376496869;-0.07707207327903452;-0.07164292585460941;-0.08931280171528397;-0.09493720909399474;-0.09697288167911493;-0.05159308394212148;-0.07174312270132177;-0.07523960218617483;-0.07602564283816203;-0.031807534009345176;-0.051791720519782335;-0.0574386764819744;-0.05892707031957187;-0.013913033326254428;-0.03163881454990633;-0.038316016681262416;-0.04081334119304304;0.9938300672030794;0.9950066642858029
1764173039.641277;0.5839998759568731;0.5416619350246128;0.4995676407618427;0.4625972964517028;0.4303775686821048;0.5464055766862028;0.48512198270454243;0.44321133201604773;0.41427866810435154;0.5624393405537863;0.5034519681793971;0.4562872296357309;0.42373425314014224;0.565201286526542;0.5096558277350194;0.46775197865551404;0.43759503977498077;0.5596557091082357;0.5155255899080123;0.48274308047884623;0.45737733233366684;0.3700069045445591;0.37192136801225073;0.4281531190300243;0.49248740450661377;0.5425391515458267;0.5198590191094699;0.598574094898347;0.6118027610637091;0.6119298640627552;0.5514870307961046;0.6541575793403994;0.660977563313698;0.6460915318458078;0.5649485813855265;0.6509521712703806;0.6553994025875348;0.6463310694248903;0.5632035805526794;0.6204196903438883;0.6243776948999596;0.6187931694806689;5.828766232018854e-07;-0.04605543276435954;-0.06839485212492816;-0.07864585166472024;-0.08637127315138866;-0.073475142544434;-0.09117228450879594;-0.09662245326094238;-0.09796143749730561;-0.05326853800804715;-0.07483282873083993;-0.07929319324439232;-0.07882219381014423;-0.033216317594975994;-0.05118761241613361;-0.05537662212097683;-0.05558767252848362;-0.01557301164972762;-0.0307517678139558;-0.035324571100449474;-0.03576052335594336;0.29763311958133776;0.3305416254934215;0.35307648014068893;0.3754312468748736;0.40181116147097296;0.28932598801042025;0.34560433252468253;0.3802536659046916;0.40205990099242245;0.2773054620217129;0.3335884710252365;0.3727660537641169;0.3968136164777589;0.2785138296886763;0.3291667158073394;0.36462898656798615;0.3866813325768211;0.2880291168748712;0.3250025319179576;0.3533492562571684;0.3725336357565411;0.3609836360324056;0.3800642573207672;0.44558644230963257;0.5142428678289818;0.5455878393835342;0.4911549771188511;0.5611103877083322;0.5705817943578879;0.5720397100715303;0.5285040718967795;0.6100051040696461;0.610647233779228;0.595283670008232;0.5496403623313922;0.6151060129464311;0.6141378294255371;0.6023585929340001;0.5583389195675517;0.6005587739115327;0.5977504592815565;0.5895702176269566;-3.1513975764494843e-07;-0.044411274678584745;-0.06404769438111675;-0.07197276330543316;-0.0779349951369893;-0.07281235509364109;-0.090863942721816;-0.09653443793742829;-0.09851838410174175;-0.052686122301115704;-0.07300319228512495;-0.07633809317938538;-0.07699054910977675;-0.03280606470094868;-0.05287397586661641;-0.05824165540990551;-0.059529562892386305;-0.014827705297871802;-0.03268101390925354;-0.039229959641280905;-0.04158289630573646;0.9940298202025687;0.9918823257689445
1764173039.6746101;0.5869787693683299;0.5436651877237259;0.49901568996766704;0.45890906427670836;0.4240137715275304;0.541260522183342;0.47992754939106275;0.4396409603622608;0.41103012795745203;0.5579367697478315;0.50460420142632;0.4609651119941486;0.4294770484645675;0.5620670486171941;0.5126641430690481;0.4735661023174526;0.44474636643479964;0.5575711242112741;0.5174295563266016;0.48726619783128255;0.4634199079728377;0.3735625042379117;0.3745415254320463;0.42724663101890137;0.4842137646821556;0.5244959186153539;0.5212336145853111;0.5984441870453332;0.6194701303523534;0.6274583562683689;0.5547466626214858;0.661604152044934;0.6773495517432009;0.6701600878229826;0.5688563291625146;0.6595794231580356;0.6683407175795808;0.6621197229983726;0.5678759526546928;0.6302136322766337;0.6369847752249462;0.6332617811500171;5.883014211358371e-07;-0.04170377003906628;-0.06204542789469229;-0.07124446535016866;-0.07823803811672922;-0.06717874055311754;-0.08330696281711254;-0.08875134681668699;-0.09017808849452899;-0.04872139588685563;-0.067921956901514;-0.07156560127568778;-0.0707468787376934;-0.03027533960209597;-0.04621489829888306;-0.04994543205037511;-0.049858130539860955;-0.014020534396889828;-0.02658817054640059;-0.02976081018276209;-0.02944971095122837;0.29742083237842787;0.3305793636332233;0.35349037969554103;0.37557608935271747;0.40160263588221357;0.289588528345076;0.34594245080418917;0.38068191042593935;0.40317016682525536;0.2775041870806315;0.33336540730611164;0.3727773996057168;0.39779006034555653;0.27876391603053635;0.3293057531995618;0.36502606052440834;0.3878199020145054;0.2885736461059931;0.3256592792490613;0.35427133971722885;0.3736566300783373;0.3620787130772903;0.3780303220500158;0.4419556611658935;0.511111273216064;0.5459229483717203;0.4897819066217195;0.5607798129901761;0.5726835403485957;0.5761619511872951;0.5281144906690841;0.6082820204590725;0.6108554035396219;0.5976027356315916;0.5495861137554271;0.6135534422886474;0.6132302840958421;0.6025870347447077;0.5584133385285832;0.5983789490108901;0.5953540670710922;0.5878594355113076;-3.0872278463231223e-07;-0.044937877784974566;-0.0651194240019565;-0.07343409448701772;-0.07968665939021319;-0.07441816784144156;-0.09257026681637039;-0.09788508108100312;-0.09966169113995071;-0.05407390884279556;-0.07480932369459563;-0.07824980903145079;-0.07902058551829377;-0.033886247787102294;-0.05408855913889947;-0.05940350237677721;-0.06081193782239185;-0.015634623636594052;-0.03413010586587749;-0.0411441281674377;-0.043793402507201866;0.9951075531562621;0.9839401349837694
1764173039.7079432;0.5899576627797867;0.5456684404228388;0.4984637391734914;0.4552208321017139;0.4176499743729559;0.5361154676804812;0.47473311607758306;0.43607058870847387;0.4077815878105525;0.5534341989418766;0.5057564346732428;0.4656429943525663;0.43521984378899276;0.5589328107078463;0.5156724584030766;0.4793802259793912;0.4518976930946185;0.5554865393143124;0.5193335227451907;0.49178931518371893;0.46946248361200865;0.3771181039312644;0.3771616828518419;0.4263401430077784;0.47594012485769743;0.5064526856848813;0.5226082100611524;0.5983142791923193;0.6271374996409977;0.6429868484739827;0.5580062944468669;0.6690507247494684;0.6937215401727037;0.6942286438001576;0.5727640769395028;0.6682066750456906;0.6812820325716267;0.677908376571855;0.5725483247567064;0.6400075742093791;0.6495918555499328;0.6477303928193652;5.937262190697888e-07;-0.037352107313773024;-0.055696003664456414;-0.06384307903561708;-0.07010480308206977;-0.06088233856180106;-0.07544164112542914;-0.0808802403724316;-0.08239473949175238;-0.04417425376566412;-0.061011085072188054;-0.06383800930698323;-0.06267156366524257;-0.027334361609215943;-0.04124218418163252;-0.04451424197977339;-0.04412858855123829;-0.012468057144052037;-0.02242457327884538;-0.02419704926507471;-0.02313889854651338;0.297208545175518;0.3306171017730251;0.3539042792503932;0.3757209318305613;0.40139411029345423;0.2898510686797317;0.3462805690836958;0.38111015494718703;0.4042804326580883;0.2777029121395502;0.3331423435869868;0.37278874544731677;0.39876650421335413;0.27901400237239643;0.32944479059178416;0.3654231344808305;0.3889584714521897;0.28911817533711504;0.32631602658016495;0.3551934231772893;0.37477962440013357;0.363173790122175;0.3759963867792644;0.4383248800221545;0.5079796786031462;0.5462580573599065;0.48840883612458785;0.5604492382720199;0.5747852863393036;0.5802841923030598;0.5277249094413887;0.6065589368484989;0.6110635733000157;0.5999218012549512;0.5495318651794621;0.6120008716308636;0.6123227387661471;0.6028154765554152;0.5584877574896149;0.5961991241102476;0.5929576748606279;0.5861486533956586;-3.02305811619676e-07;-0.045464480891364394;-0.06619115362279623;-0.07489542566860229;-0.08143832364343709;-0.07602398058924205;-0.09427659091092477;-0.09923572422457794;-0.10080499817815967;-0.05546169538447541;-0.07661545510406632;-0.08016152488351622;-0.08105062192681081;-0.034966430873255905;-0.05530314241118253;-0.06056534934364891;-0.0620943127523974;-0.0164415419753163;-0.03557919782250144;-0.04305829669359448;-0.046003908708667274;0.9961852861099556;0.9759979441985942
1764173039.7412763;0.5911020673722668;0.5465876243231214;0.5024206805790618;0.4630732523916269;0.4312327838396201;0.5425535640746963;0.49428215242070483;0.4591036271380766;0.4328651959135557;0.5596964853273569;0.5227674318366378;0.48545963862700925;0.4579223719172815;0.5661510280811892;0.5321527652396156;0.4989938505896563;0.4744702988266935;0.5639974732526274;0.5343664988071721;0.5090187401067734;0.488761941370037;0.3837928776147645;0.3941063852472928;0.45318548265013703;0.508886164148177;0.5460251746993511;0.5372916634843733;0.623990583804855;0.6571643896217939;0.6744491598867665;0.5682021327718595;0.6815143200136924;0.7112403600987025;0.7138108755075543;0.5808952994568406;0.6783875643220227;0.6952659270518106;0.6933170606453597;0.5810259450242977;0.6519793895472675;0.6661962029589867;0.666791700814071;5.906427255839306e-07;-0.036049915108144585;-0.05184469164471077;-0.057763130435689494;-0.06144171761996525;-0.05404860624812102;-0.06557149433206876;-0.06902126053189178;-0.06891322925755992;-0.03632442521691075;-0.04871614737179497;-0.05015141508662832;-0.048282406772532;-0.0187886468233509;-0.029004488665285967;-0.031737800086381475;-0.030973346792039322;-0.0032504161589889183;-0.010339717817593958;-0.01169977933141429;-0.010311595766294208;0.296942423643697;0.32968531215372276;0.35262709079239307;0.3742217079792904;0.39961644532637475;0.287106405053691;0.34296951854712054;0.37816582905709445;0.40271038167361617;0.2754592965535774;0.3296903041357838;0.3694548006442256;0.396484171159569;0.2771057653795934;0.32685243853907764;0.36271503415711154;0.3866984752123605;0.2873241167001068;0.32416551007633015;0.35312355004119766;0.37297970633443533;0.3657474734220851;0.37826568858092036;0.44178585267319076;0.5119433956466947;0.5505953306575994;0.4918032469196783;0.5648593270969327;0.5804176508742604;0.5863557842213207;0.5308959559783917;0.6101092580552655;0.6154715652401508;0.6048126384755373;0.5522318176002577;0.6144939093403827;0.6141829155910559;0.6044654493013766;0.5605542895406224;0.596789998682367;0.5929532921897763;0.5860989644312852;-2.905751026489368e-07;-0.04679190672592437;-0.06778665451816591;-0.07633022434723907;-0.08263790328982461;-0.07770651666139353;-0.09590000297217036;-0.10082808183923132;-0.10242810516040574;-0.056256487368170405;-0.07723002112790023;-0.08078723104404652;-0.08180468117098483;-0.034874638564434714;-0.05475376876387493;-0.05983933289050809;-0.06146229401205973;-0.015621150320975356;-0.034751474036894985;-0.042414550603539054;-0.04557329006443195;0.9964733460628297;0.921396636571059
1764173039.774609;0.5911380261979723;0.5468517857133042;0.5091020117001491;0.4778988344900041;0.4568678508300788;0.5559905009333284;0.5287818354575868;0.498211136550364;0.4750678234765692;0.5724631778778387;0.5493607058433965;0.514423515845279;0.49087241087125966;0.5796244676805374;0.5567731990676673;0.526945491900566;0.5063608417023844;0.5789104947252202;0.5573323633177611;0.5339256459129456;0.5160715514458502;0.3923523371952007;0.4197063495745628;0.4967991969833359;0.5667382036007311;0.620410578586289;0.5600166743702368;0.6652596719045524;0.7007014824459894;0.715539098497949;0.5825890071241292;0.6970093305477038;0.7294521253860163;0.7306823536285718;0.5915784550514436;0.6895072016401894;0.7098797751235335;0.7084961572831728;0.591802795015739;0.6652671325329724;0.6852158029071503;0.6886280351524988;5.824183015515275e-07;-0.036590292153121734;-0.04950280387220052;-0.05248162880675422;-0.05245848277496463;-0.04689020500486105;-0.054489980168087516;-0.05475270406225592;-0.05198874208612733;-0.026479027792650833;-0.03316801730463206;-0.03286423701331416;-0.030078262748062936;-0.006856404571194092;-0.012377102792573164;-0.01452316636285;-0.013331304464262738;0.01059871573663657;0.006531367475915817;0.004986896739883655;0.006453139663410285;0.2966437740128375;0.32816770869394746;0.35032810305728707;0.37172909657288544;0.39689066561289504;0.2825447107291908;0.33745354548139744;0.3731837085743455;0.399520813688537;0.27173995534810413;0.3242872337247759;0.3640995443916557;0.39223280049365733;0.2738934133990672;0.3226097100783355;0.35813070692466725;0.38238497736522986;0.2841170225646838;0.32031877188835733;0.34924585906011757;0.3694136887269703;0.3692145690051093;0.3831351179314583;0.44953184706516675;0.5201942841835766;0.5573508155251417;0.4980782936727944;0.5721338478996584;0.5881833067866222;0.5936052244985544;0.5362184262428183;0.6168459073474383;0.6224171987664238;0.6112574068569834;0.5565959297608813;0.6194314086472562;0.6177154219903634;0.606974347940601;0.5638245080347839;0.5990550018018064;0.5943942237780473;0.5870529510700023;-2.7563369647056757e-07;-0.048603210441774555;-0.0696986316144288;-0.0777489913988252;-0.08350389908494041;-0.07943541095781437;-0.0974733174305387;-0.10256648961208878;-0.104341119724189;-0.05669297664610931;-0.07712461241333211;-0.08063589676482735;-0.08178776188877789;-0.03407470829811515;-0.05313856655437223;-0.05797262035107079;-0.059673548919464664;-0.013817495724728355;-0.03254803907491369;-0.04022524610027252;-0.043546835226235495;0.9962842650891199;0.8386026793016457
1764173039.8079422;0.5911739850236778;0.547115947103487;0.5157833428212365;0.4927244165883813;0.4825029178205375;0.5694274377919604;0.5632815184944688;0.5373186459626513;0.5172704510395826;0.5852298704283206;0.5759539798501552;0.5433873930635489;0.5238224498252377;0.5930979072798855;0.581393632895719;0.5548971332114758;0.5382513845780752;0.5938235161978128;0.5802982278283503;0.5588325517191178;0.5433811615216634;0.4009117967756369;0.44530631390183284;0.5404129113165348;0.6245902430532851;0.6947959824732268;0.5827416852561004;0.7065287600042498;0.744238575270185;0.7566290371091315;0.596975881476399;0.712504341081715;0.7476638906733303;0.7475538317495893;0.6022616106460466;0.7006268389583562;0.7244936231952565;0.7236752539209859;0.6025796450071802;0.6785548755186772;0.7042354028553139;0.7104643694909265;5.741938775191243e-07;-0.037130669198098876;-0.047160916099690274;-0.04720012717781895;-0.04347524792996401;-0.03973180376160109;-0.04340846600410627;-0.040484147592620055;-0.03506425491469473;-0.01663363036839092;-0.017619887237469142;-0.01557705894;-0.011874118723593868;0.00507583768096272;0.0042502830801396385;0.0026914673606814737;0.004310737863513846;0.024447847632262053;0.02340245276942559;0.021673572811181603;0.023217875093114772;0.29634512438197796;0.32665010523417215;0.348029115322181;0.36923648516648055;0.3941648858994154;0.2779830164046906;0.33193757241567434;0.3682015880915966;0.39633124570345785;0.26802061414263084;0.31888416331376795;0.3587442881390858;0.38798142982774564;0.270681061418541;0.3183669816175934;0.353546379692223;0.3780714795180992;0.28090992842926077;0.31647203370038457;0.3453681680790375;0.36584767111950517;0.3726816645881335;0.38800454728199624;0.4572778414571428;0.5284451727204587;0.564106300392684;0.5043533404259105;0.5794083687023841;0.595948962698984;0.600854664775788;0.5415408965072449;0.6235825566396109;0.6293628322926967;0.6177021752384294;0.5609600419215051;0.6243689079541297;0.6212479283896711;0.6094832465798254;0.5670947265289453;0.6013200049212456;0.5958351553663184;0.5880069377087195;-2.606922902921984e-07;-0.05041451415762475;-0.07161060871069169;-0.07916775845041134;-0.0843698948800562;-0.0811643052542352;-0.09904663188890704;-0.10430489738494625;-0.10625413428797227;-0.05712946592404822;-0.07701920369876401;-0.08048456248560819;-0.08177084260657094;-0.0332747780317956;-0.051523364344869524;-0.056105907811633486;-0.05788480382686959;-0.012013841128481355;-0.030344604112932397;-0.038035941597005976;-0.04152038038803904;0.9960951841154102;0.7558087220322325
1764173039.8412752;0.5946241521411298;0.5502764915342399;0.5241094364983883;0.5063162655479299;0.49824457373414466;0.5791654816716337;0.5823687159224369;0.5644368928082379;0.5504732233478326;0.5978425605240116;0.5965681502093579;0.5719984823113512;0.5572820644596911;0.6082800332946672;0.6036541561378289;0.5832202520041048;0.5703300462720547;0.6109590875204398;0.6034151008988741;0.5867166431511972;0.5746216535507999;0.4183822415757417;0.47931208853953655;0.5809306720718808;0.668137241341621;0.7412685191288082;0.6184624923997678;0.7399424333219379;0.781051758158395;0.7988434807722492;0.6243776509629397;0.7338074923806158;0.7735140147898071;0.7799256462626416;0.6233957919078033;0.7179322286276131;0.7481677359044829;0.7546804130062769;0.6190798350810665;0.6947249348129362;0.7250807396591501;0.7370310510918057;5.659175703557779e-07;-0.0320864712367096;-0.03934790485061289;-0.03800255240137735;-0.03319633140384242;-0.02693639783808035;-0.02602601711851108;-0.021888259968873156;-0.016530631734181796;-0.005897664921877814;-0.001932873328513494;0.0006600783527834272;0.003970051600102113;0.01366871980043324;0.01741641962116907;0.017141393606195397;0.018769895613101467;0.03095914702040139;0.033412867320823575;0.033423376737674676;0.03577770006843941;0.29597348683866903;0.32629578341772464;0.3475911248058088;0.36867295880131107;0.39339687181636057;0.2783112530740382;0.33136907965305806;0.3673667733695761;0.3954149793426011;0.2674667640466872;0.3173941636136868;0.3571503842697467;0.3865714105621388;0.26955646285168194;0.3164761756571543;0.3517389614943219;0.37648675015698163;0.2795815068191569;0.3144289085381735;0.34334458563346404;0.3640453841531939;0.37544495651696974;0.39177495169686405;0.4621377287924307;0.5337632685019913;0.569615246190041;0.5086377339314188;0.5844040824669836;0.6014402656956251;0.6068429766441965;0.5445327293515813;0.6284944200317768;0.6356963494074038;0.6248400033578192;0.5630579886890846;0.6288626684086122;0.6281189658778823;0.617626975711229;0.5687770247704712;0.6057076021557806;0.6024980669023245;0.5960147681027184;-2.553217506415876e-07;-0.04972239906603804;-0.07084766532987746;-0.07860574681376055;-0.08407139596727277;-0.07972738240702573;-0.09778607775564463;-0.10358788094169614;-0.10587757143383862;-0.0560422724253945;-0.07615259471919945;-0.07996657914983983;-0.08136619923276503;-0.03255265415836442;-0.050964395251083074;-0.055822252004980574;-0.057642619018900325;-0.01158602614742399;-0.029783123619430744;-0.03745463688083196;-0.04089370681627391;0.9962706785919572;0.7847103997185871
1764173039.874608;0.5997975609164892;0.5548989174573528;0.5332656855473805;0.5192854166056811;0.508992762158482;0.5870365959662285;0.5936768222746257;0.5855038402200814;0.5791335295365916;0.6103775214881331;0.614164508062124;0.6004315100950689;0.5909988754821254;0.6243245787518984;0.6247235697922603;0.6117308653538234;0.6025036565329085;0.6292164388169522;0.6266081920026704;0.6161033992877961;0.6078461661655163;0.4403502974268916;0.5175604990265005;0.6198858227810852;0.7044641051959066;0.7736526899043743;0.6607426232798516;0.7693912700403995;0.8144712050130665;0.8416254920189576;0.6583483838964053;0.7580421666757093;0.8032194215978165;0.8201208924763609;0.6498048835612411;0.7383597318956989;0.7764148049540571;0.7936734063886324;0.6384687469931256;0.7123497757460814;0.7468475743732563;0.765985264665684;5.57615076397443e-07;-0.024223589858745495;-0.028773472187040648;-0.026828431437197826;-0.02226344990033723;-0.01129584584824437;-0.005463319030696037;-0.0011082533122158955;0.0028151651531284384;0.005287793872436197;0.01382423894625247;0.016367232158652417;0.01862308048038683;0.020576138116974518;0.02883557164131291;0.030195898515066037;0.03162256693047438;0.033766847338087505;0.03996051902539342;0.04268141009461713;0.04621519499135522;0.2955650103562829;0.326528600761037;0.34809242904199283;0.3690830929221579;0.39361699407487655;0.2811075678665807;0.33329771167940064;0.3686252140802258;0.39564610872479805;0.2685106214370919;0.31787919469181175;0.3574549349066897;0.38659549685757655;0.26948560891503964;0.31577244748528754;0.35133312308290054;0.3762793027681589;0.27920130115856656;0.31329611480133274;0.3422568210389545;0.3631332989128613;0.3778530200378567;0.3949906490199578;0.46554092119750956;0.5376011058405215;0.5744950305917256;0.5119173918409707;0.5882496217598249;0.6057836423344554;0.6121947634900072;0.5463482275529826;0.6324852654862687;0.6417209151021143;0.6323276371451086;0.5640121415591327;0.6331324620718709;0.6366750487285938;0.6286147535384436;0.5696578574612892;0.6111665290484398;0.6117966504928002;0.6075828608968922;-2.5478188167465275e-07;-0.04776674197363306;-0.06873461849789671;-0.07704398353368598;-0.08318514562880293;-0.07669258751539279;-0.09509519483373208;-0.10163154664333465;-0.10434539801104226;-0.05418603573731164;-0.0749017877368877;-0.07926353829148113;-0.08076586120610717;-0.03186980123913978;-0.050938535080341366;-0.056337607001317985;-0.058181024286637524;-0.011852633983283;-0.03005038118134037;-0.03768493239002273;-0.04097354004905956;0.9966301839868922;0.8699878326942355
1764173039.907941;0.6049709696918485;0.5595213433804657;0.5424219345963729;0.5322545676634323;0.5197409505828193;0.5949077102608232;0.6049849286268145;0.6065707876319248;0.6077938357253505;0.6229124824522545;0.6317608659148899;0.6288645378787865;0.6247156865045597;0.6403691242091296;0.6457929834466916;0.640241478703542;0.6346772667937622;0.6474737901134646;0.6498012831064668;0.6454901554243951;0.6410706787802327;0.4623183532780415;0.5558089095134645;0.6588409734902897;0.7407909690501921;0.8060368606799404;0.7030227541599353;0.7988401067588611;0.8478906518677378;0.8844075032656661;0.6923191168298707;0.7822768409708029;0.8329248284058257;0.8603161386900801;0.6762139752146789;0.7587872351637849;0.8046618740036314;0.8326663997709878;0.6578576589051848;0.7299746166792265;0.7686144090873627;0.7949394782395622;5.493125824391081e-07;-0.016360708480781385;-0.018199039523468404;-0.0156543104730183;-0.011330568396832039;0.00434470614159161;0.015099379057119007;0.019671753344441364;0.022160962040438676;0.016473252666750204;0.02958135122101844;0.032074385964521404;0.033276109360671546;0.027483556433515792;0.04025472366145676;0.043250403423936684;0.0444752382478473;0.03657454765577362;0.04650817072996327;0.05193944345155958;0.05665268991427103;0.2951565338738968;0.3267614181043494;0.3485937332781769;0.3694932270430047;0.3938371163333925;0.28390388265912325;0.3352263437057432;0.36988365479087554;0.395877238106995;0.2695544788274967;0.31836422576993667;0.35775948554363274;0.38661958315301437;0.2694147549783973;0.31506871931342073;0.35092728467147927;0.3760718553793362;0.27882109549797623;0.312163321064492;0.3411690564444449;0.36222121367252874;0.3802610835587437;0.3982063463430516;0.46894411360258836;0.5414389431790516;0.5793748149934101;0.5151970497505228;0.5920951610526662;0.6101270189732856;0.6175465503358178;0.548163725754384;0.6364761109407606;0.6477454807968247;0.6398152709323981;0.5649662944291808;0.6374022557351297;0.6452311315793052;0.6396025313656584;0.570538690152107;0.6166254559410992;0.6210952340832757;0.6191509536910659;-2.542420127077179e-07;-0.04581108488122808;-0.06662157166591595;-0.07548222025361141;-0.08229889529033307;-0.07365779262375985;-0.09240431191181953;-0.09967521234497317;-0.1028132245882459;-0.052329799049228784;-0.07365098075457595;-0.07856049743312242;-0.08016552317944929;-0.03118694831991514;-0.05091267490959966;-0.0568529619976554;-0.05871942955437473;-0.012119241819142009;-0.030317638743249994;-0.0379152278992135;-0.04105337328184521;0.9969896893818273;0.9552652656698839
1764173039.9412742;0.60280366452458;0.5589283808826611;0.5440224339491176;0.5371739737695831;0.5277164214595904;0.5962720875596111;0.606660938443555;0.6077884034436974;0.608211861285913;0.6248593581048716;0.6332206940862273;0.62921075393543;0.6235113031742712;0.642075581020762;0.6466601147973954;0.639868148845185;0.6330040655739327;0.6486076955886333;0.6503809295901285;0.6447369944874507;0.63878580579135;0.4837175868210659;0.5793601710517017;0.6788945110346921;0.7563946967266667;0.8170873915397496;0.728172798252145;0.8235426064945538;0.8691538788044;0.9015747786064315;0.7148139566569356;0.8060176703410724;0.8508772732252596;0.8730311606529246;0.6955975309548411;0.7785839936974005;0.819570687291807;0.842756276961231;0.674396657943572;0.7457690516011564;0.7809770954234564;0.8025234631036207;4.94978451046983e-07;-0.011371553489570611;-0.011122451567947791;-0.007271182896126028;-0.0014922255780109575;0.007029006482032201;0.01826865149158858;0.023698113861339503;0.027001754050075717;0.017243395657531805;0.030215535983287693;0.03372441875498298;0.03590906028899747;0.026921404468571275;0.04016452900494778;0.04456800580008971;0.046701059344556095;0.03512332426167292;0.04628629035440063;0.05313418599661468;0.05877809738045587;0.2949244241905506;0.3279573028118763;0.3506119482269326;0.37132796877960333;0.39582754865435793;0.2871713979251942;0.3381138173054333;0.37263731210375656;0.3979102245091212;0.27214785009409853;0.32085593242498;0.36028577600277956;0.38868776588488596;0.27147436581987633;0.3167902464830115;0.3527518762658818;0.37788564289547516;0.28038049478105637;0.31368973614760437;0.34271293991977514;0.3639056875423645;0.3810789927576451;0.4001484116247404;0.4711804070574452;0.5438376593437427;0.5809852205641738;0.5162346379270801;0.5940248823544633;0.6118826567535378;0.6188679688396246;0.548500282311391;0.6383230564587142;0.6496723815378321;0.6414334287108098;0.5650216159996196;0.6392681803552857;0.6478794287213367;0.6421793789879436;0.570361436446217;0.6186534901514791;0.6238839396250214;0.6215723401174594;-2.6325078727445956e-07;-0.043769278019413604;-0.06382108548592125;-0.07251774308013559;-0.07928565449605875;-0.07138696982859542;-0.08999376313639876;-0.09723248222157962;-0.10026044265033209;-0.05117828250287455;-0.07242666496314146;-0.07719374682075912;-0.07852905726754712;-0.031083809081759183;-0.05089850606188826;-0.05688308190115031;-0.05854693466250845;-0.012867841903765208;-0.030795769421367643;-0.03809039458479262;-0.04093828318741999;0.9968969682444405;0.9757077077611915
1764173039.974607;0.597725425953688;0.5562672750835408;0.5426267282525821;0.5389012828054214;0.5345923812818366;0.5950562419784832;0.6045173754270395;0.6011348390343317;0.5974305132272799;0.6226075670536012;0.6282816401276586;0.6184192469999206;0.6084590472895893;0.6380963209513404;0.6395161046096919;0.6280409964063701;0.6179090344183085;0.6429513609296601;0.6419932968921996;0.6320319591037529;0.6224198151477638;0.5048912559475514;0.5970833316521759;0.6914526826550418;0.7637807401561735;0.8196781451167213;0.7465299687590994;0.8463629635700124;0.8855966009648663;0.9085846236268826;0.7327580728294733;0.8295626673033343;0.8641691237330981;0.8748489996801406;0.7121951359920954;0.7981306327016245;0.8291902637911112;0.8413847285939607;0.6898055344017543;0.7608376456795549;0.789610600938701;0.8016331615316898;4.2239064132373664e-07;-0.007521964240527949;-0.005432921203954879;5.186408499556136e-06;0.007912081908047305;0.004575552374235045;0.014540624271899418;0.021080876962254642;0.026090639154180157;0.01388338306416367;0.024852778867592358;0.029800151355798568;0.033775493042391025;0.0233972215876929;0.03551034480235411;0.041231382183432794;0.044712841653702345;0.03198324016641725;0.04337997666445328;0.05113145990974936;0.05760737681049272;0.2947622521196258;0.3295350883784126;0.3532316885992438;0.3737276334825727;0.39851999098904;0.29062576602450685;0.34138151604214056;0.37598389211967503;0.4006577307561644;0.2753556754501598;0.3241433789784502;0.3636930893042765;0.3915665276208637;0.27437880471709303;0.31947349983358986;0.35546093676332835;0.38050094375860016;0.2827090373469958;0.31627065081232564;0.34530039386154093;0.3666198174793548;0.38126633204618615;0.4015854227547177;0.4729539709795341;0.5456656972434134;0.5812991658556774;0.5163831415091367;0.5951948930029125;0.6126121361053098;0.6185911594425296;0.5482503699406718;0.639319846257746;0.6499743681514379;0.6407240671348995;0.5647205092887354;0.6401808594532495;0.6481850149369853;0.6414209028419375;0.5697646024297238;0.6193210163525359;0.6240911767137438;0.6203666334154188;-2.76046041690261e-07;-0.041693308780009083;-0.060747997733826234;-0.06899702481622345;-0.07542896337591964;-0.0694190973884547;-0.08769437984673004;-0.09459687360359623;-0.09730294211939074;-0.05030622016448933;-0.07121285415705705;-0.07556380452045613;-0.07648171861286324;-0.031210553194452928;-0.05088897336578384;-0.05672078359418162;-0.058092534899071846;-0.013807574260832336;-0.03135752106642306;-0.0382437001359633;-0.04074589695684804;0.9966249183211578;0.9704400701294785
1764173040.00794;0.592647187382796;0.5536061692844206;0.5412310225560464;0.5406285918412598;0.5414683411040828;0.5938403963973551;0.6023738124105242;0.5944812746249661;0.5866491651686468;0.6203557760023309;0.6233425861690901;0.607627740064411;0.5934067914049075;0.6341170608819187;0.6323720944219883;0.6162138439675553;0.6028140032626841;0.6372950262706869;0.6336056641942707;0.619326923720055;0.6060538245041776;0.5260649250740367;0.6148064922526502;0.7040108542753915;0.7711667835856802;0.822268898693693;0.7648871392660538;0.8691833206454709;0.9020393231253324;0.9155944686473337;0.7507021890020109;0.8531076642655961;0.8774609742409364;0.8766668387073566;0.7287927410293495;0.8176772717058485;0.8388098402904154;0.8400131802266904;0.7052144108599366;0.7759062397579534;0.7982441064539454;0.800742859959759;3.4980283160049026e-07;-0.003672374991485287;0.0002566091600380311;0.007281555713125137;0.017316389394105566;0.0021220982664378885;0.01081259705221026;0.018463640063169785;0.025179524258284593;0.010523370470795533;0.01949002175189702;0.025875883956614158;0.03164192579578457;0.019873038706814526;0.03085616059976045;0.03789475856677588;0.042724623962848596;0.028843156071161585;0.04047366297450593;0.049128733822884046;0.05643665624052957;0.294600080048701;0.33111287394494887;0.355851428971555;0.3761272981855421;0.40121243332372214;0.2940801341238195;0.3446492147788479;0.3793304721355935;0.4034052370032075;0.27856350080622116;0.32743082553192043;0.3671004026057734;0.3944452893568414;0.2772832436143097;0.3221567531841682;0.358169997260775;0.3831162446217252;0.28503757991293527;0.3188515654770469;0.3478878478033067;0.36933394741634507;0.3814536713347272;0.403022433884695;0.47472753490162306;0.5474937351430841;0.5816131111471811;0.5165316450911933;0.5963649036513616;0.6133416154570819;0.6183143500454348;0.5480004575699525;0.6403166360567777;0.6502763547650436;0.6400147055589891;0.5644194025778513;0.6410935385512133;0.6484906011526339;0.6406624266959314;0.5691677684132307;0.6199885425535927;0.6242984138024662;0.6191609267133781;-2.888412961060625e-07;-0.03961733954060456;-0.05767490998173122;-0.0654763065523113;-0.07157227225578054;-0.06745122494831397;-0.08539499655706133;-0.09196126498561281;-0.09434544158844937;-0.04943415782610411;-0.06999904335097264;-0.07393386222015313;-0.07443437995817936;-0.03133729730714667;-0.05087944066967942;-0.056558485287212926;-0.05763813513563524;-0.014747306617899462;-0.03191927271147847;-0.03839700568713399;-0.040553510726276096;0.9963528683978751;0.9651724324977654
1764173040.041273;0.5956321054233967;0.556402133465992;0.5424922379491954;0.5400270995782183;0.5419338733089585;0.597424332265937;0.5972680057247127;0.5841657774011453;0.5741040644323622;0.6229242826075996;0.6189043207784374;0.5979529782176046;0.582019209771866;0.6350505056753954;0.628331873747718;0.6075709344389212;0.5921481472291392;0.6368119636574843;0.6298867780787915;0.6129139831976281;0.5981364573821694;0.5256407610968853;0.6123181149327299;0.6989475704437224;0.7663637296612741;0.8157234090872537;0.7615725258009317;0.8637292391557286;0.8885090590528469;0.894153037671491;0.7508774330314031;0.8554736511705292;0.8690518937765073;0.8579253553436017;0.7318406721311502;0.8222785072630147;0.8343049824722485;0.8258398052245656;0.7101672217237128;0.7805512605473132;0.7974384963648027;0.79431493820023;2.7293915236471296e-07;-0.00641705068971072;-0.0038252255046317676;0.0023614577439558275;0.011926704901738125;-0.0021607618879669298;0.0038298509088230057;0.009873473060003104;0.015716816208769482;0.006841501099143155;0.012322767392313281;0.01707946518829243;0.022119167991803718;0.01661841129664829;0.02438422238646899;0.029533655029069752;0.03348803581447691;0.025920767025125753;0.03468552134745434;0.041210490747830925;0.047122928080022025;0.2942495467656213;0.3313076241712804;0.35641125676305224;0.3763809951453962;0.40156385857864973;0.29575514580997747;0.34662240125455;0.38131148523314395;0.4053970571119273;0.27956111645317855;0.32817454516391265;0.36750285185271964;0.3942379118567634;0.277674266861283;0.3223458205897907;0.35786550526965316;0.38191945500087776;0.28475185211072307;0.31875472888225;0.34764239078288184;0.3684996750873418;0.3829803977318739;0.40445606034196147;0.47605401027257527;0.5493818036412429;0.5842699131659754;0.5171236195836793;0.5983168006713072;0.616452634228921;0.6224014886793034;0.5486203581617551;0.6435876244597515;0.6529549311605303;0.6418559340650907;0.5649541439385677;0.6442749799908785;0.650581567723819;0.6411579982654753;0.5697201029168119;0.6221781003770434;0.6257866369024664;0.6190138471243382;-2.8698729323357725e-07;-0.03788896272121859;-0.055251271460749866;-0.06260472746118348;-0.06821123503210677;-0.06684894123061398;-0.08415148993389503;-0.08975809440659636;-0.09144553233308667;-0.049361019190410374;-0.06964638895729267;-0.072455528603457;-0.07195274761460585;-0.031555499516485064;-0.05086169835598581;-0.055412952485188634;-0.05546826878871509;-0.015089924785665126;-0.03191210980650944;-0.037647784748011635;-0.03911442901769626;0.995951040553628;0.9610975052443022
1764173040.0746062;0.6015168331757577;0.5611606620984645;0.5447089805571161;0.5385880841280883;0.540093978352108;0.602734447289015;0.5910968665178162;0.5725333135287993;0.5609246529180247;0.6272263467550946;0.6146461575019753;0.5886798392599242;0.5719495807096822;0.6377507410645229;0.6254078907218006;0.600073196579455;0.583075186590406;0.6381894012481992;0.6278469461270672;0.6087639129957433;0.5932575281473724;0.5174492165261793;0.602560920104338;0.6875469586749673;0.7571770249425764;0.8058921880993234;0.7504639362714206;0.8481066225008538;0.864199399173404;0.862479474241663;0.7446623326224553;0.8502228817591865;0.8528383549070506;0.8317899782966249;0.730015638715158;0.8215048222834546;0.8247204550184277;0.8070624192881736;0.7113596441914305;0.7814475783768773;0.793238230755635;0.7858954831524665;1.9453771210852046e-07;-0.011533268261344886;-0.011421204886133976;-0.006944941515616861;0.0012165530438238356;-0.007101544203172184;-0.004323412688055951;-0.0008647807977328614;0.0031786385791966187;0.003043880111041438;0.004506548999808041;0.006530840362450718;0.009938983627388768;0.013460726015909995;0.017258552515987687;0.019365562445555547;0.021644665228419874;0.02307666918045764;0.02786096767456387;0.031164808700802606;0.034880672838651344;0.2938312718152712;0.3310049836728036;0.3562302637079462;0.3758629226354945;0.4010733673993123;0.29679023503695934;0.34813003318290464;0.3828013898972679;0.40711710450078836;0.27976385884040655;0.328003446395819;0.36682464070972803;0.39292064440170144;0.2771613727637913;0.3216378863650828;0.3564772282059713;0.3793516964729182;0.28352593587264097;0.31769487377222777;0.346378114072287;0.36638926589929594;0.3849888173333676;0.40588846954558006;0.4772196960439859;0.551291461365667;0.5877692932244145;0.5178750826381402;0.6005498929852059;0.6204201427692223;0.6280580646305334;0.5495530757057351;0.6476764988986711;0.6564882172512926;0.6446144492179623;0.5657894872189005;0.6482723523852723;0.6533146231869391;0.6421045718333405;0.5706857209761421;0.6249150371356784;0.6277355500095091;0.6192474890481406;-2.798648749499245e-07;-0.03628559300809015;-0.05306119893363674;-0.059966602855466615;-0.06502845330462331;-0.0667377737878924;-0.0832877156611559;-0.08771044456040847;-0.08856633503313824;-0.04957520310389273;-0.06960343829979904;-0.07103171908374833;-0.06931492717777328;-0.03180659344424689;-0.05084100355978912;-0.05391381214766938;-0.05268145713133238;-0.015217798578665927;-0.03170034416134668;-0.036573981860680296;-0.03722698944768262;0.9955025397630752;0.9574515208112271
1764173040.107939;0.6074015609281185;0.5659191907309371;0.5469257231650368;0.5371490686779583;0.5382540833952576;0.6080445623120931;0.5849257273109197;0.5609008496564534;0.5477452414036872;0.6315284109025897;0.6103879942255132;0.5794067003022437;0.5618799516474983;0.6404509764536502;0.6224839076958831;0.5925754587199888;0.5740022259516728;0.6395668388389143;0.6258071141753428;0.6046138427938583;0.5883785989125754;0.5092576719554731;0.592803725275946;0.6761463469062123;0.7479903202238789;0.7960609671113931;0.7393553467419094;0.8324840058459789;0.839889739293961;0.8308059108118351;0.7384472322135075;0.8449721123478439;0.8366248160375939;0.8056546012496482;0.7281906052991656;0.8207311373038945;0.815135927564607;0.7882850333517816;0.7125520666591482;0.7823438962064414;0.7890379651464675;0.777476028104703;1.1613627185232797e-07;-0.01664948583297905;-0.019017184267636187;-0.01625134077518955;-0.009493598814090457;-0.012042326518377437;-0.012476676284934908;-0.011603034655468827;-0.009359539050376241;-0.0007537408770602813;-0.003309669392697199;-0.004017784463390992;-0.0022412007370261784;0.0103030407351717;0.01013288264550638;0.009197469862041344;0.009801294642362839;0.020232571335789522;0.021036414001673397;0.021119126653774287;0.022638417597280656;0.29341299686492106;0.33070234317432684;0.3560492706528401;0.3753448501255928;0.4005828762199749;0.2978253242639412;0.3496376651112593;0.3842912945613919;0.4088371518896494;0.2799666012276345;0.3278323476277254;0.36614642956673643;0.39160337694663944;0.27664847866629966;0.32092995214037484;0.35508895114228933;0.37678393794495874;0.2823000196345589;0.3166350186622055;0.3451138373616922;0.36427885671125;0.38699723693486127;0.4073208787491987;0.47838538181539647;0.5532011190900911;0.5912686732828536;0.5186265456926011;0.6027829852991046;0.6243876513095236;0.6337146405817633;0.550485793249715;0.6517653733375907;0.6600215033420549;0.6473729643708338;0.5666248304992334;0.6522697247796659;0.6560476786500591;0.6430511454012058;0.5716513390354725;0.6276519738943135;0.6296844631165518;0.6194811309719431;-2.727424566662717e-07;-0.03468222329496171;-0.05087112640652362;-0.05732847824974975;-0.061845671577139855;-0.06662660634517083;-0.08242394138841679;-0.08566279471422059;-0.08568713773318981;-0.04978938701737509;-0.06956048764230541;-0.06960790956403969;-0.0666771067409407;-0.03205768737200872;-0.05082030876359244;-0.05241467181015013;-0.04989464547394968;-0.015345672371666726;-0.03148857851618391;-0.03550017897334895;-0.03533954987766899;0.9950540389725223;0.9538055363781521
1764173040.141272;0.6175160282046308;0.5759868108405322;0.5533955929151517;0.5403989184880087;0.5380941883605331;0.6136153684209162;0.5828734436742491;0.555749729940525;0.5406105298739805;0.6355471740383279;0.6113955659267613;0.5788978326011445;0.5608668978326946;0.6433387317095888;0.6225717198924148;0.591769965514563;0.5735860523115989;0.641674969130162;0.6250553072926024;0.6029904398005491;0.5871263361771478;0.49395699935905;0.5665960828154468;0.6474940533676962;0.7217326608677016;0.7743912655760576;0.7115489486959997;0.8022914659400292;0.8107886716771969;0.8034104138023813;0.7176696345600304;0.8270129231149871;0.8179108736954205;0.7853641344311684;0.7129153122089104;0.8095846644742731;0.801207275285731;0.7718465369211666;0.7014815799485513;0.7739395123779861;0.7767248611951695;0.7615207180303034;1.2068492069070926e-07;-0.02145411130585859;-0.02731003450248867;-0.027411733122814325;-0.023787614886989494;-0.02077865413485882;-0.024884137023512914;-0.02581508173042366;-0.02487105071881556;-0.009051534900218148;-0.015806630625039227;-0.017449046277307496;-0.016113622362524845;0.002217939991261111;-0.002671980155629257;-0.003733685902368055;-0.002629945101747381;0.012133224185944263;0.009016793609792026;0.008729567274247091;0.010306657749754578;0.2924546547369018;0.33044297004158935;0.3557778447537734;0.3744262293199233;0.3994726659273;0.29769802879184726;0.3495265728000415;0.38415510931621716;0.4089464774269282;0.27956696095994643;0.32667743137571903;0.3647345083154286;0.3901671165273931;0.275912504795252;0.3203593099814424;0.35408070704957284;0.37520462232773466;0.281280644864987;0.31587491652175675;0.34409913276837084;0.36276372410456464;0.38639187947540315;0.40759725666314217;0.47955981229181943;0.554494168305157;0.5924507093548006;0.5184872130987604;0.6025980390604264;0.6257940415765697;0.6372396604477909;0.550218892931694;0.6523760554833842;0.6613737420063691;0.6499286028807247;0.5663191517631474;0.6511991701742402;0.6540695478498411;0.6407626001809497;0.5713773074520948;0.6269408176981083;0.6282345286386132;0.6174266973882083;-2.742990026892934e-07;-0.03348137981612671;-0.04905884545897836;-0.05517054685275176;-0.05950398913166619;-0.06558854670881258;-0.08144219275175063;-0.0850499812094205;-0.08540451789479112;-0.04943733842526098;-0.06935357391801042;-0.06952827867324267;-0.06657911396439617;-0.03228190511668676;-0.05084426702548052;-0.051882048954782774;-0.04887750917894597;-0.01612773191647856;-0.031672366708661415;-0.03497949806203407;-0.0343104441310246;0.9944730105773988;0.9445235979476202
1764173040.1746051;0.628882463689936;0.587625878484657;0.5611243534171858;0.5450366339591808;0.5384315595241802;0.6192633369530528;0.5820403075054281;0.5525170349379265;0.5352649999639071;0.6394820823980893;0.6139617519943029;0.5809831173115175;0.5625345160132986;0.6462819913081527;0.6235509987734481;0.5929453218400554;0.5757322166241883;0.6439993784679657;0.6246847452664986;0.6021149095784293;0.586947536981302;0.47655208317277553;0.5355192427747626;0.6137354035155992;0.6904221389468589;0.7492174708924005;0.6788001362768937;0.7677863482474938;0.780269386667083;0.7772811893666476;0.6925816571570007;0.8052921458435096;0.7984568324324691;0.7668037131030889;0.6936588525678461;0.7953679315138142;0.7859927976871297;0.7561003326017779;0.6867813726958496;0.7627821971387851;0.7620104236323268;0.7433348566735968;1.4978611558304185e-07;-0.026166508073040204;-0.03580915279452228;-0.03912089221891368;-0.03914242537433693;-0.03063843203122106;-0.03855080522508793;-0.04105534310723931;-0.04126264487685675;-0.018681343233426878;-0.02968905334869765;-0.031733544997646565;-0.030486932338361493;-0.007325635317379077;-0.01715783748614011;-0.0174826857069636;-0.015235189295211978;0.0024783663428766395;-0.004540523923390161;-0.0043537605723082545;-0.002051594727118359;0.2913364571536721;0.3301964036942518;0.35547965147458244;0.37338904950381735;0.3981790238597251;0.2972266769821654;0.3489363513899335;0.3835376147943231;0.40857904250653004;0.27898902036686546;0.3252313132172878;0.3631054148896081;0.38869563516667316;0.27511050114082825;0.3198293051479738;0.3531849495994084;0.3739178777053393;0.280322404676137;0.31520353880186724;0.3431582994748879;0.3614247884837804;0.3850128654428868;0.4075314587965726;0.48073683112920595;0.5556047064585888;0.5929468306125233;0.5180842122989141;0.6016973732418128;0.626442361839833;0.6401337571946301;0.5495969155652285;0.6519572212369276;0.6620804085203911;0.6524241915681931;0.5656757398683333;0.6486285507416477;0.650696944554633;0.637516486332349;0.5707363497415051;0.6252090542669247;0.6257785631512868;0.6146950122199734;-2.784244509662629e-07;-0.03239968080130966;-0.0473583877205144;-0.053154748707213255;-0.05741126517536241;-0.06427613458507646;-0.08042552467093295;-0.08486186749381103;-0.08589046368909073;-0.048917689655465904;-0.06909812847069101;-0.06984651363227568;-0.06723288934481195;-0.03249816773159794;-0.05088144222633808;-0.05163550734720561;-0.04838418227715236;-0.017103425078499247;-0.031973235592931866;-0.034622536719170934;-0.03353539815644279;0.993852755098252;0.933573463357314
1764173040.207938;0.6402488991752413;0.5992649461287817;0.5688531139192198;0.549674349430353;0.5387689306878273;0.6249113054851895;0.581207171336607;0.549284339935328;0.5299194700538338;0.6434169907578506;0.6165279380618447;0.5830684020218906;0.5642021341939025;0.6492252509067165;0.6245302776544814;0.5941206781655479;0.5778783809367776;0.6463237878057695;0.6243141832403949;0.6012393793563094;0.5867687377854561;0.4591471669865011;0.5044424027340784;0.5799767536635022;0.6591116170260163;0.7240436762087434;0.6460513238577879;0.7332812305549584;0.7497501016569691;0.7511519649309137;0.6674936797539709;0.783571368572032;0.7790027911695176;0.7482432917750096;0.6744023929267818;0.7811511985533555;0.7707783200885283;0.7403541282823891;0.6720811654431479;0.7516248818995843;0.7472959860694842;0.7251489953168903;1.7888731047537447e-07;-0.030878904840221818;-0.044308271086555884;-0.050830051315013045;-0.05449723586168437;-0.040498209927583295;-0.05221747342666294;-0.05629560448405496;-0.057654239034897935;-0.028311151566635606;-0.04357147607235607;-0.04601804371798563;-0.04486024231419814;-0.01686921062601926;-0.03164369481665097;-0.031231685511559144;-0.027840433488676576;-0.0071764915001909825;-0.018097841456572342;-0.017437088418863596;-0.014409847203991303;0.2902182595704425;0.3299498373469143;0.3551814581953915;0.37235186968771133;0.3968853817921502;0.29675532517248354;0.3483461299798255;0.382920120272429;0.40821160758613184;0.27841107977378454;0.3237851950588566;0.3614763214637876;0.38722415380595326;0.2743084974864045;0.31929930031450526;0.352289192149244;0.37263113308294393;0.27936416448728707;0.3145321610819778;0.34221746618140503;0.36008585286299616;0.38363385141037054;0.407465660930003;0.48191384996659253;0.5567152446120208;0.593442951870246;0.5176812114990677;0.6007967074231991;0.6270906821030964;0.6430278539414692;0.5489749381987629;0.651538386990471;0.6627870750344131;0.6549197802556616;0.5650323279735191;0.6460579313090552;0.6473243412594251;0.6342703724837484;0.5700953920309155;0.6234772908357411;0.6233225976639605;0.6119633270517385;-2.825498992432325e-07;-0.0313179817864926;-0.045657929982050434;-0.051138950561674744;-0.05531854121905862;-0.06296372246134034;-0.07940885659011525;-0.08467375377820155;-0.08637640948339034;-0.04839804088567084;-0.06884268302337161;-0.07016474859130868;-0.06788666472522772;-0.03271443034650913;-0.05091861742719564;-0.05138896573962844;-0.04789085537535876;-0.018079118240519932;-0.03227410447720232;-0.03426557537630779;-0.03276035218186098;0.9932324996191052;0.9226233287670077
1764173040.241271;0.6510266280248156;0.6088017008162355;0.5768544408456614;0.5567849899440803;0.5444832322033937;0.6293497200307301;0.583200489932371;0.5507522277141228;0.5303750534306848;0.6485919811664513;0.6187445187480598;0.5841952867318957;0.5637183572957117;0.6545405245394332;0.6263133134763756;0.5958131177009276;0.5792117458737546;0.6516435959223145;0.6267990793584824;0.603279637513536;0.5883334192621367;0.4400545325480118;0.47578350556628324;0.5484802543346096;0.6281202812297081;0.6927697115801609;0.6113963890246623;0.6994946118795574;0.7210631478789072;0.7291417820138469;0.6369346450201586;0.7552941170257359;0.7527795459646335;0.7251313616069237;0.647263074819017;0.7528530350862901;0.7435909921573979;0.7163466547583744;0.6470057885743776;0.723999967858917;0.719866802056486;0.6996071746982907;2.226323238179777e-07;-0.03291571378827705;-0.047748540129311005;-0.054716350831780405;-0.05901430699361884;-0.04861474087766668;-0.0615379469561076;-0.0652338417647105;-0.0663333709388669;-0.035565640563403625;-0.052198147773749974;-0.05369944065497073;-0.051817504229903555;-0.022936927386133944;-0.03851097174669718;-0.037452848672128364;-0.03370704529958542;-0.012135729429947785;-0.023349714563454506;-0.02258203798288812;-0.019641326288065874;0.2902319471692663;0.3298901134723217;0.3551692109469215;0.3717054706863789;0.3949283363993709;0.2971712206223776;0.34862789007400236;0.3833707194725558;0.40849953052483307;0.2782992966772179;0.32222972735548994;0.3603530515040715;0.38622011887199703;0.2737697984899914;0.3169395109036479;0.3497262018151418;0.36952467845839587;0.2786947685065815;0.31274885071802777;0.34001866061720365;0.3571057863782401;0.38501316081843573;0.408310778352904;0.48235662925183226;0.5566917967553671;0.5948545905414224;0.5152871052716095;0.5983480720738628;0.6260149372838392;0.6437354397919183;0.547601659427499;0.6523580233549774;0.6632229435423573;0.6546793201176865;0.5647084869051073;0.6494288992505131;0.6495957808168131;0.635618901233386;0.5704579770344571;0.6265332805955498;0.6265796915728687;0.6145381051445595;-2.742030302682483e-07;-0.031040617496493075;-0.04549943791503605;-0.051163135586502456;-0.05555397931521469;-0.06412459913772892;-0.08111791812905808;-0.08651862503566056;-0.08832081010704358;-0.050075499611820645;-0.07142143099656399;-0.07263045304614443;-0.06999371596384117;-0.03482323994390618;-0.05367381490555283;-0.05349172303479897;-0.04926394576216123;-0.02058278843641605;-0.03481169387929438;-0.03618320281706531;-0.03411316038722194;0.9923518917771311;0.9276847215528483
1764173040.274604;0.6616184783208178;0.6176746700665561;0.584941828043291;0.5646764331566455;0.5518952486346951;0.6334062293422373;0.5860862348938166;0.5537042800586295;0.5326622834740331;0.654158515756073;0.6208507148409005;0.5850195657041709;0.5625552977444352;0.6606047391742734;0.628350127952226;0.597668821370422;0.580288477093506;0.6579091728795193;0.6301855593851137;0.6062405282805892;0.5904485882752583;0.42042901703001945;0.4478880509971512;0.5176980076430997;0.597229725434079;0.6595696759731207;0.5761396140631179;0.665934852474873;0.6929547353613087;0.7084321475076921;0.6046481756670757;0.7249467207235158;0.7244189886229517;0.7005823355605135;0.6176348186886925;0.7201087930871826;0.7126233499459933;0.6897307635994557;0.6186545500042938;0.6911755652101048;0.6884230570792538;0.6717427794988249;2.7100098436803793e-07;-0.03410773118211978;-0.049591525356795924;-0.056132656407340546;-0.060109464402983474;-0.05618085808816144;-0.06948615061433647;-0.07218227452733753;-0.07257736581319044;-0.04207014494010489;-0.059165365786906315;-0.05929597064110976;-0.05643321909488332;-0.027907174676384455;-0.042972753954651687;-0.04129716859365143;-0.037445997654493045;-0.015612369772662112;-0.025979222126898634;-0.02522051966748582;-0.022622594062317612;0.2906030168115056;0.3298893833417635;0.3552472484538189;0.37118245703218733;0.39276182767963114;0.2978672560048987;0.3491849700829222;0.3841585591657886;0.40899437651064807;0.27833469840230923;0.32063973356729136;0.35938949052084;0.38536367572723723;0.27331423544960337;0.31400198431445686;0.34663679846286566;0.36584366760738224;0.27811657235336024;0.3106144581358674;0.33742266220358813;0.35360754834130026;0.3872633847708609;0.4094435086650725;0.4825675793412637;0.5563103035387115;0.5965552951789974;0.5122643263327683;0.5954106799824062;0.6243948352170962;0.643752655501922;0.545991164341785;0.653568695104233;0.6635733101404795;0.6535749784344583;0.5644855473033519;0.6546758672231912;0.6536492735362773;0.6384181449376479;0.5711374211607414;0.6311009581536401;0.6316406299649042;0.6187883488354946;-2.619181450560136e-07;-0.03101721429027048;-0.045827806928347384;-0.051831426007812244;-0.05652451256492784;-0.06606639336596819;-0.08368760302163557;-0.08900539207497804;-0.09072570405228797;-0.05244667425452641;-0.07489504874287216;-0.07577420068835554;-0.0725596253128743;-0.037529603355581115;-0.05728720221710443;-0.056336249244140275;-0.051226339759471606;-0.023568902932596843;-0.03805550663502933;-0.038819010158319095;-0.03613781842945289;0.99138908013842;0.9378016027067843
1764173040.307937;0.67221032861682;0.6265476393168767;0.5930292152409204;0.5725678763692107;0.5593072650659966;0.6374627386537447;0.5889719798552622;0.5566563324031362;0.5349495135173814;0.6597250503456947;0.6229569109337412;0.5858438446764461;0.5613922381931586;0.6666689538091136;0.6303869424280764;0.5995245250399165;0.5813652083132572;0.6641747498367241;0.6335720394117449;0.6092014190476425;0.5925637572883798;0.40080350151202715;0.41999259642801906;0.48691576095158984;0.5663391696384499;0.6263696403660804;0.5408828391015735;0.6323750930701886;0.6648463228437101;0.6877225130015372;0.5723617063139929;0.6945993244212959;0.69605843128127;0.6760333095141035;0.5880065625583679;0.6873645510880751;0.6816557077345888;0.663114872440537;0.5903033114342101;0.6583511625612926;0.6569793121020215;0.6438783842993591;3.193696449180981e-07;-0.03529974857596252;-0.05143451058428084;-0.057548961982900694;-0.06120462181234811;-0.0637469752986562;-0.07743435427256534;-0.07913070728996456;-0.07882136068751397;-0.048574649316806155;-0.06613258380006265;-0.06489250062724879;-0.06104893395986309;-0.03287742196663496;-0.04743453616260619;-0.04514148851517449;-0.04118495000940067;-0.01908901011537644;-0.028608729690342765;-0.027859001352083523;-0.025603861836569347;0.29097408645374484;0.3298886532112053;0.3553252859607162;0.3706594433779958;0.3905953189598913;0.2985632913874198;0.34974205009184206;0.38494639885902143;0.409489222496463;0.2783701001274005;0.31904973977909273;0.3584259295376085;0.38450723258247743;0.27285867240921535;0.31106445772526575;0.34354739511058946;0.36216265675636855;0.277538376200139;0.30848006555370705;0.3348266637899726;0.35010931030436043;0.3895136087232861;0.410576238977241;0.48277852943069516;0.5559288103220559;0.5982559998165725;0.5092415473939272;0.5924732878909494;0.6227747331503531;0.6437698712119256;0.5443806692560708;0.6547793668534885;0.6639236767386015;0.6524706367512301;0.5642626077015964;0.6599228351958693;0.6577027662557415;0.6412173886419098;0.5718168652870257;0.6356686357117303;0.6367015683569397;0.6230385925264297;-2.496332598437789e-07;-0.03099381108404788;-0.04615617594165872;-0.05249971642912203;-0.05749504581464099;-0.06800818759420746;-0.08625728791421305;-0.09149215911429553;-0.09313059799753237;-0.05481784889723218;-0.07836866648918034;-0.07891794833056663;-0.07512553466190744;-0.04023596676725605;-0.060900589528656034;-0.05918077545348158;-0.053188733756781986;-0.02655501742877764;-0.04129931939076428;-0.04145481749957288;-0.03816247647168385;0.9904262684997087;0.9479184838607202
1764173040.34127;0.6779823417466249;0.632711161250818;0.5987926434219777;0.578718592840648;0.5666213836412629;0.643905427531155;0.5933545605579723;0.560904574574374;0.5389758149573523;0.6668217118913836;0.6273199979705134;0.5898557926885325;0.5649598182234494;0.6740033733443688;0.6353080138423999;0.6039116061216102;0.5852450687604086;0.671368301159716;0.6389162857361376;0.6140557344270214;0.5970135389740725;0.3825358235211867;0.39985797886673696;0.4671360994336285;0.546716700957624;0.6053307260403518;0.5171065825245704;0.6087051747178348;0.6445115905947348;0.671360532386917;0.550105052802013;0.6726257995559927;0.6752003461691095;0.6567138885981352;0.567247697114929;0.6657402398508974;0.6605238637926923;0.6435402083897357;0.5710696491812136;0.6374310669863887;0.6363154794953622;0.6246771009369609;3.6343457798747493e-07;-0.0361195131172719;-0.05244871962223438;-0.058183771635949295;-0.061391674052198766;-0.06680136513727385;-0.08078976758196013;-0.08241595469747824;-0.08201306489742245;-0.051005679093915665;-0.06860819260035159;-0.06693838961897128;-0.06274046578224331;-0.03454599540216565;-0.04871687548691893;-0.046300846734651846;-0.0423785576191421;-0.020084473472673017;-0.029469556550557267;-0.029022473892703012;-0.027050203608384456;0.29242566208882637;0.3309247559051418;0.35649966407355205;0.3719800965703007;0.3905078959587037;0.30020769845045153;0.35110402534315077;0.3863583056237111;0.41050916497668266;0.27998627543297466;0.3201255179557851;0.35992273046713535;0.3860922411355288;0.2744043260359676;0.31125181184838463;0.34381083520748357;0.36240721780527674;0.2792891171101084;0.31038986187281775;0.3363702417240881;0.35130266983689856;0.39121948671497836;0.41392417374985296;0.4847364881800248;0.5566391482887825;0.5994057892596508;0.509489760404539;0.5911556276695201;0.6208032042657448;0.6415658859896043;0.5445965123372226;0.6559433617550371;0.663933347448306;0.6509674985622139;0.5644737425468486;0.6626376248234811;0.6594226301997745;0.6416942723503444;0.5714424058672694;0.6364325386147726;0.6382435985535382;0.6247321450818665;-2.6112197319409867e-07;-0.02946051707696426;-0.0441537053262596;-0.050361724805728265;-0.055313583434264846;-0.06695497512356935;-0.08511837431399731;-0.09022526491355426;-0.09178749786338217;-0.05477304216560769;-0.0781938820715345;-0.07855338561796574;-0.07454971039057448;-0.04111048673785945;-0.06180224218939612;-0.05997904193151847;-0.05381524910016876;-0.028188339941387756;-0.04272634296182634;-0.04267889058283701;-0.03923342526287489;0.9871365733028719;0.9521305201630124
1764173040.374603;0.6812478257351433;0.6374656503852878;0.6033475098202746;0.5839640541855731;0.5738845909885022;0.6515890356371701;0.5985155622479125;0.565826892956345;0.5439065106712588;0.6747141073328456;0.6328567684170372;0.595525470010874;0.5709875406940866;0.681998355775944;0.6417290268144886;0.6096151157531665;0.5905826807566259;0.6790444403191861;0.6452786573846767;0.6198947145998313;0.602677422816256;0.3649742812800782;0.38375934083135604;0.4530782702963123;0.5329541374449411;0.5906161342656222;0.499300704799729;0.5901784124401738;0.6282195169370084;0.6572595246640336;0.5330643484643691;0.6550070593147885;0.6582438794366885;0.6401140943427529;0.5511013082875148;0.6498987859059411;0.6445070712810056;0.6276272947940512;0.5565775310818163;0.6227017391819892;0.6212576795337169;0.6099810200378578;4.0526138184739563e-07;-0.03674568966159549;-0.05303192827593559;-0.05841216874101608;-0.06110647131905923;-0.06750945659584234;-0.08175672616721867;-0.08379618321619628;-0.0836174425578598;-0.05131832137408361;-0.06874796535574669;-0.06713778778208913;-0.06291129270153362;-0.03449755196627205;-0.04834576346710852;-0.04606390576032778;-0.042248473046267165;-0.01978961472899593;-0.029410590983889092;-0.029418876244940557;-0.02769831576742179;0.29443914877297567;0.3325000576632013;0.35824418793671176;0.3742595383104795;0.39150168976237665;0.30234530085847156;0.3528845818268048;0.3880947549500653;0.41180218092802356;0.28242452312577465;0.3225876158116742;0.3626990287364666;0.388946912877728;0.2769907011064636;0.3130642425660782;0.34581790263487255;0.364693250386123;0.2822510086079129;0.31440281582658786;0.3400665829965454;0.3549358682315373;0.3926422806591248;0.41842411311153077;0.48760296893230193;0.5579172869060594;0.6002690783622056;0.5114390343347429;0.5906802998741252;0.6186489178460504;0.6382067777468265;0.5457621322841155;0.6570830826251265;0.663765841182277;0.6492569684990052;0.5649106153607075;0.6640355693806088;0.6599289036574764;0.640963425837741;0.5705198698509045;0.6352183099563108;0.6379556403847139;0.6250961048283722;-2.849740124277492e-07;-0.02714201287251949;-0.04093909470455456;-0.04676434202840722;-0.051492943499212226;-0.06434422630673825;-0.08205082497880072;-0.0870063003502062;-0.0884952745415739;-0.05347181794294549;-0.0761217666802994;-0.0763643458872022;-0.07234004526485852;-0.04103236685591307;-0.06129367253529029;-0.059713162574271464;-0.05374704828202933;-0.02911815061075572;-0.04320855556149424;-0.043168799225397604;-0.03980840293562003;0.98263679543193;0.9532717751950948
1764173040.407936;0.6845133097236618;0.6422201395197574;0.6079023762185716;0.5892095155304982;0.5811477983357415;0.6592726437431852;0.6036765639378526;0.570749211338316;0.5488372063851655;0.6826065027743077;0.638393538863561;0.6011951473332154;0.5770152631647238;0.6899933382075193;0.6481500397865774;0.6153186253847229;0.5959202927528433;0.6867205794786562;0.6516410290332159;0.6257336947726411;0.6083413066584397;0.3474127390389697;0.3676607027959751;0.43902044115899613;0.5191915739322582;0.5759015424908926;0.4814948270748875;0.5716516501625126;0.6119274432792818;0.6431585169411502;0.5160236441267253;0.6373883190735844;0.6412874127042675;0.6235143000873707;0.5349549194601007;0.6340573319609848;0.628490278769319;0.6117143811983666;0.5420854129824189;0.6079724113775897;0.6061998795720717;0.5952849391387547;4.470881857073164e-07;-0.03737186620591908;-0.05361513692963681;-0.058640565846082876;-0.0608212685859197;-0.06821754805441085;-0.0827236847524772;-0.08517641173491432;-0.08522182021829715;-0.051630963654251565;-0.06888773811114178;-0.06733718594520699;-0.06308211962082393;-0.03444910853037845;-0.0479746514472981;-0.04582696478600372;-0.04211838847339223;-0.01949475598531884;-0.029351625417220913;-0.029815278597178103;-0.02834642792645912;0.2964526354571249;0.33407535942126076;0.3599887117998714;0.3765389800506583;0.3924954835660495;0.3044829032664916;0.3546651383104588;0.38983120427641954;0.4130951968793644;0.2848627708185747;0.32504971366756336;0.3654753270057978;0.39180158461992715;0.2795770761769596;0.3148766732837717;0.3478249700622615;0.36697928296696924;0.2852129001057174;0.31841576978035796;0.3437629242690028;0.358569066626176;0.39406507460327134;0.42292405247320863;0.49046944968457906;0.5591954255233362;0.6011323674647604;0.5133883082649467;0.5902049720787303;0.6164946314263561;0.6348476695040489;0.5469277522310084;0.6582228034952159;0.6635983349162479;0.6475464384357964;0.5653474881745665;0.6654335139377365;0.6604351771151781;0.6402325793251376;0.5695973338345397;0.6340040812978491;0.6376676822158894;0.6254600645748779;-3.088260516613997e-07;-0.02482350866807472;-0.037724484082849535;-0.043166959251086184;-0.0476723035641596;-0.06173347748990716;-0.0789832756436041;-0.08378733578685814;-0.08520305121976562;-0.05217059372028329;-0.07404965128906428;-0.07417530615643868;-0.07013038013914254;-0.0409542469739667;-0.06078510288118446;-0.059447283217024464;-0.0536788474638899;-0.030047961280123686;-0.04369076816116214;-0.04365870786795819;-0.04038338060836518;0.9781370175609883;0.9544130302271772
1764173040.441269;0.6852416009356758;0.642293301372288;0.608320914983808;0.5906668929571111;0.5827350013496304;0.6604035101676773;0.6045561788164562;0.5713024867814069;0.5489305593417112;0.6844154181299245;0.6394497945599499;0.6017108471703377;0.5773292848538439;0.6920961844218187;0.6494101543793865;0.6157076677675353;0.5958980944330151;0.6891288155389731;0.6531470785775934;0.6271117898798261;0.6099499279194717;0.3396504568580545;0.3613153045112917;0.43335047329165977;0.5138082083976588;0.5706265681982958;0.473242354062866;0.5641779024928555;0.6053984928966702;0.6370844257804041;0.5078980902678674;0.6292086711809134;0.6345976881023709;0.6178767341387091;0.5275364197708708;0.6267175768134967;0.6227074104863467;0.6069425700490637;0.535376134578287;0.6002213698935926;0.5987128537232357;0.588304880949457;4.800501273989557e-07;-0.03702086618812111;-0.05355510439726352;-0.058762188454689356;-0.061135985723037745;-0.0697709258467096;-0.08468597613391672;-0.08725323629711053;-0.0873608544712912;-0.05345444686028841;-0.07132691383087944;-0.07001121987154812;-0.0657939594420028;-0.03631686398321956;-0.04988664979068072;-0.047647750451193065;-0.04392279876759475;-0.02135677590050383;-0.03135731501708064;-0.03180257512114338;-0.030250222269447874;0.29766989039687775;0.33586449575961713;0.3624022582499307;0.3797375578392962;0.3954989078458651;0.3087231552337831;0.3586644525339968;0.393908491296906;0.4169900363046307;0.28878304758322476;0.3292427244990067;0.36919721309189985;0.39496377496755025;0.28305740091235504;0.3185934956025407;0.3517977043811942;0.3714170108304753;0.2886976620634813;0.3231703153837307;0.3489574441322191;0.36458328654086525;0.392012339681281;0.4227018632049703;0.4890824040486122;0.5563003090297516;0.5972327065397551;0.512529686061724;0.5876696245185367;0.6129879722086692;0.6301697328033933;0.5448655550997707;0.6560569870838089;0.6606428826607398;0.6442827938743544;0.5624037171183074;0.6637733693015565;0.6601499013623208;0.6413090556389136;0.5658248080857265;0.6312988264022975;0.6371428184475881;0.627159444148684;-3.1729527065859507e-07;-0.022751342471033362;-0.03542868776984077;-0.0412025907706623;-0.04617299126917519;-0.05954159132111239;-0.07677744960031474;-0.08177103034835351;-0.08334432098540857;-0.0513720552236772;-0.07279672585768882;-0.07298260817437739;-0.06912431922465635;-0.041513147816574184;-0.060754615384492984;-0.05927069421595367;-0.05364260785841006;-0.03184670338405684;-0.04493114356354199;-0.04474868396308822;-0.04155739326367646;0.9643354234750977;0.9628603061887908
1764173040.474602;0.6849090163974634;0.6404090610761635;0.6070099321606413;0.5905403598484368;0.5819488981602251;0.6587944804314202;0.6036456185504878;0.5700289354463051;0.5470012754397808;0.6836806495527225;0.6386326137989412;0.6000715157532662;0.5752542383336844;0.6917353532648817;0.6485123438863837;0.6138745733534221;0.5936348000314222;0.6893343846580208;0.6526225554341945;0.6266246562844494;0.6098629233009948;0.33598553671611814;0.35904802580564704;0.43118771965730895;0.5119284347160764;0.5692985786878346;0.46898444365790515;0.561325748922439;0.6029517946885701;0.6343666271366161;0.5035002259405843;0.6249757884964037;0.6322007936949173;0.6168228018369427;0.5237673100779818;0.6229326347545076;0.6212036502571405;0.6068291851437602;0.5319210928947806;0.5953881574385946;0.5943913936686497;0.5845511213121779;5.093054065971026e-07;-0.03626127959068114;-0.05322611359645568;-0.05883916547109396;-0.061701547198169414;-0.0716777429920431;-0.08706444575638375;-0.08962132838027442;-0.08972344454511003;-0.05590965758642016;-0.07472753830904783;-0.07371997260055876;-0.06956827232143298;-0.03898583917485799;-0.052753284471448364;-0.05032893281649524;-0.04653607889322068;-0.024120650923647933;-0.034226298340236654;-0.034455071807899446;-0.03267905467469243;0.2985542171661687;0.3377430426949521;0.36509554293879;0.3833204537428203;0.39934261838961727;0.3138425875098442;0.36359149534941293;0.3989645521685234;0.42197277549668566;0.29332300477500517;0.33415948151896296;0.3733144775638349;0.3982545479890083;0.2869115125866843;0.3231066006820146;0.3565923424819651;0.37675442647820834;0.2924010517095381;0.3282349425090592;0.35477839701667163;0.37159308235927785;0.38850638278599786;0.4205052115311478;0.4859168325394742;0.5516602304711556;0.591341514568875;0.5104969989846407;0.584272921434356;0.6089158457076359;0.6249403547055259;0.5414537116601936;0.652509027235812;0.6565217072798276;0.6403697459550916;0.558046398327256;0.6608345466330043;0.6595336553456469;0.6431412273720886;0.5608606168775334;0.6279701290972733;0.6365188974031094;0.629417202464647;-3.193324750646761e-07;-0.020782177520422086;-0.03351707504275556;-0.03992103412991973;-0.04564429509153263;-0.057524844081488606;-0.07493193569107184;-0.08025759245430586;-0.08208497683975435;-0.05078370457787076;-0.07188632810938571;-0.07220651030639673;-0.06862152102335004;-0.04233840596767199;-0.06092402825489759;-0.05913144016809321;-0.05361973218639732;-0.03400877156083559;-0.04648852937978124;-0.04608956610478522;-0.04298188025914301;0.9466444634147788;0.9743624467655657
1764173040.507935;0.684576431859251;0.6385248207800388;0.6056989493374746;0.5904138267397626;0.5811627949708198;0.6571854506951632;0.6027350582845195;0.5687553841112033;0.5450719915378504;0.6829458809755204;0.6378154330379324;0.5984321843361948;0.5731791918135248;0.6913745221079447;0.6476145333933808;0.6120414789393088;0.5913715056298293;0.6895399537770684;0.6520980322907955;0.6261375226890727;0.6097759186825179;0.3323206165741818;0.3567807471000024;0.42902496602295814;0.5100486610344941;0.5679705891773735;0.4647265332529442;0.5584735953520226;0.6005050964804699;0.631648828492828;0.4991023616133012;0.6207429058118941;0.6298038992874637;0.6157688695351762;0.5199982003850929;0.6191476926955183;0.6196998900279344;0.6067158002384566;0.5284660512112742;0.5905549449835967;0.5900699336140638;0.5807973616748987;5.385606857952495e-07;-0.035501692993241185;-0.05289712279564785;-0.05891614248749857;-0.062267108673301076;-0.07358456013737659;-0.0894429153788508;-0.09198942046343833;-0.09208603461892884;-0.0583648683125519;-0.07812816278721621;-0.0774287253295694;-0.07334258520086316;-0.04165481436649642;-0.055619919152216014;-0.053010115181797414;-0.04914935901884661;-0.026884525946792037;-0.037095281663392675;-0.03710756849465551;-0.03510788707993699;0.2994385439354596;0.339621589630287;0.36778882762764925;0.38690334964634443;0.4031863289333694;0.31896201978590527;0.36851853816482905;0.40402061304014075;0.42695551468874066;0.2978629619667856;0.33907623853891916;0.37743174203576996;0.40154532101046636;0.2907656242610136;0.3276197057614884;0.36138698058273594;0.3820918421259414;0.2961044413555949;0.3332995696343878;0.36059934990112413;0.3786028781776904;0.3850004258907147;0.41830855985732535;0.4827512610303363;0.5470201519125597;0.5854503225979948;0.5084643119075574;0.5808762183501754;0.6048437192066026;0.6197109766076585;0.5380418682206164;0.6489610673878151;0.6524005318989154;0.6364566980358287;0.5536890795362045;0.6578957239644522;0.658917409328973;0.6449733991052635;0.5558964256693404;0.6246414317922493;0.6358949763586307;0.6316749607806103;-3.213696794707572e-07;-0.018813012569810807;-0.031605462315670366;-0.03863947748917715;-0.04511559891389007;-0.05550809684186482;-0.07308642178182895;-0.07874415456025823;-0.08082563269410012;-0.05019535393206431;-0.0709759303610826;-0.07143041243841607;-0.06811872282204372;-0.0431636641187698;-0.0610934411253022;-0.05899218612023276;-0.05359685651438457;-0.036170839737614355;-0.04804591519602049;-0.047430448246482224;-0.044406367254609565;0.92895350335446;0.9858645873423405
1764173040.5412679;0.6837118156564227;0.637863232648659;0.6048392714092846;0.589810223350678;0.580930455317381;0.6571456572093777;0.6022910683029643;0.5680868870952107;0.5443155337403772;0.6826312701418312;0.6374276089751992;0.5982900765082421;0.5736441666084223;0.690746425936169;0.6461608300716325;0.6116515657040891;0.5924578370109648;0.6887498269338046;0.6505761452947432;0.6255011451770243;0.6104869953838644;0.33320971780457326;0.3578504160144835;0.4287654280630159;0.5093012943039273;0.5670153116592851;0.4639894592613488;0.5586684460552542;0.6013240377877894;0.633144622021987;0.4989403380309655;0.6219403182061596;0.6298175353242473;0.6147695056038691;0.5200731262241304;0.6185880859374997;0.6158431374180876;0.6008307356905823;0.5289704857500427;0.5899101795630473;0.5863001929155075;0.5747444255823154;5.533870548380738e-07;-0.03569658378841583;-0.0531424492503447;-0.05916293422581195;-0.06249133604190635;-0.07363404613993027;-0.08969271302429399;-0.09240403771352035;-0.09260166230317846;-0.05835488353709647;-0.07820042626155248;-0.07746880446593774;-0.0733220939285066;-0.04159186612206745;-0.055728127079803305;-0.05257295345081914;-0.0482295777603286;-0.02679902198533639;-0.03713144440823701;-0.03669302407008687;-0.03427037957490672;0.29993697518869483;0.33992450873323815;0.3690656762257429;0.38875987241941357;0.40390462812416394;0.32035602304671884;0.37175150391679657;0.40724843170856845;0.4300376893542365;0.2987672205413725;0.34195313345793327;0.3804457746829073;0.40416671905005364;0.29109132431784585;0.32850127495071624;0.36212686294550345;0.38237962345113524;0.29583953470271696;0.3313451080983528;0.3580007078159017;0.3751310364596298;0.3844021253109383;0.4150214420943752;0.478202520662727;0.5431706475227563;0.5838528712784494;0.502529701504953;0.574549510239735;0.5993082587459202;0.6159240838962666;0.5351747297072758;0.644911541363214;0.6476813749572966;0.6306341522985763;0.5532680934779796;0.6567353322774847;0.6576346793066598;0.6430409353567933;0.5569502399687231;0.6261204191210893;0.6367291077864681;0.6310202275603641;-3.106089670640619e-07;-0.02011358273926167;-0.03321473375212222;-0.04013391289945337;-0.0462272927712786;-0.058658541430525624;-0.07626138220088129;-0.08105548099745519;-0.0824791992687652;-0.05249623890666008;-0.07368041669031518;-0.07320357989677219;-0.0691494019188544;-0.04455993912019698;-0.06262619420522944;-0.05956474486734418;-0.053412637329811975;-0.03676520845231533;-0.04841417888662383;-0.04715487568444162;-0.04362961649416397;0.9432728850618158;0.9860029361825412
1764173040.5746012;0.6827625757333641;0.6373960963883378;0.6040513647537815;0.5891307395900374;0.5807861873091844;0.6573554429036232;0.6019212806734537;0.5675146159273504;0.5437456024898758;0.682383480962205;0.6371080690538007;0.5983860938067621;0.5745131231600292;0.6900758177241311;0.6446187035019137;0.6114911805064981;0.5940769186214092;0.6878013333636968;0.6488956206819264;0.6248410262496986;0.61132500854557;0.33482312108108214;0.3594508186294595;0.42880858541809647;0.5087340257180067;0.5661193048561414;0.46381235172332225;0.5593479096441935;0.6026623696585693;0.6353105786282671;0.49945200332206036;0.6240014021370183;0.6302145547506071;0.6137788128344958;0.520759428019834;0.6185414489639328;0.6116121230557787;0.5940276680300172;0.5301046598312593;0.5899315615664992;0.5826181715776783;0.5683257700347539;5.659186889175323e-07;-0.036043281123514695;-0.05347911998913148;-0.05943673607508581;-0.06266127758302127;-0.07338813292853143;-0.08960395753826701;-0.09250796736190274;-0.09282354345385789;-0.05795282118539425;-0.07774333046558818;-0.07692539900273758;-0.0726980571320061;-0.04109441809824429;-0.05539762131724767;-0.05163983071715505;-0.04674787300060029;-0.02626033733062243;-0.0367170609291919;-0.03579067830978772;-0.032913369969389684;0.3003740354422736;0.3399768341265913;0.37011725727570094;0.3903418380993376;0.4041258511730862;0.3211575254289452;0.3747150596810881;0.4101855020289614;0.4328176120351083;0.29909324566476136;0.34450562020586095;0.38328436675721306;0.4066816763475829;0.2908558499619059;0.32880527257620934;0.3622218615731044;0.3818642869103911;0.2949434875561705;0.3282742792261769;0.3540629496481066;0.36999211399036913;0.38426626890221294;0.4115608656941833;0.4734337589994523;0.5394468505913904;0.5829383065100455;0.4959744633674168;0.5677567503185698;0.5935400195373255;0.612366582470993;0.5323942018753629;0.6407822125475102;0.6428670756781797;0.6245078653906683;0.5534731589941045;0.6558577825810943;0.6562459383541568;0.6405097095821093;0.5589611972216779;0.6283640569493444;0.6377951418604575;0.6299022715270488;-2.9781272483761047e-07;-0.02193419855736008;-0.035383997256695714;-0.042069867984521475;-0.0475998913197605;-0.0626308272474091;-0.08023484932302624;-0.08397513557517805;-0.0845960629968367;-0.055256660595232675;-0.07695985373366922;-0.0753822093744379;-0.07042398112745522;-0.04604704233150436;-0.0643757917664616;-0.06025051841661819;-0.05320275581998487;-0.037110246664976525;-0.04859332124502605;-0.04662221165222083;-0.04250276347981327;0.9626834677954996;0.9843339296112067
1764173040.6079342;0.6818133431004868;0.6369289637156325;0.603263464149417;0.5884512610478454;0.580641920408969;0.6575652269867106;0.6015514958839194;0.5669423491545439;0.5431756756164575;0.6821356936856046;0.6367885315864751;0.5984821103678675;0.5753820730380327;0.6894052146623774;0.6430765887757574;0.6113307965406686;0.595695987797275;0.6868528470780382;0.6472151089755718;0.6241809123920993;0.6121630152713181;0.33643651196662205;0.36105120895331194;0.42885174244172775;0.50816676148872;0.5652233049343476;0.4636352455454851;0.560027368014839;0.6040006912509343;0.637476518599958;0.4999636646835557;0.626062470238712;0.6306115711278498;0.6127881276736623;0.5214457245447264;0.6184948123485389;0.6073811411877434;0.5872246526171454;0.5312388252019966;0.589952943405737;0.5789361785178454;0.5619071637825932;5.784502267537949e-07;-0.03638997579597121;-0.05381578814228036;-0.05971053582155608;-0.06283121781898182;-0.07314222160575089;-0.08951520273388393;-0.09261189621210338;-0.09304542290048572;-0.0575507619215388;-0.07728623818012857;-0.07638199771290205;-0.07207402512812047;-0.04059697389483173;-0.05506711809298278;-0.0507067151498919;-0.04526617962039367;-0.025721656813017208;-0.03630268063262005;-0.034888339479521746;-0.031556370785733104;0.300811092339221;0.34002915911808446;0.3711688302494959;0.3919237916297341;0.40434707252301105;0.3219590216556175;0.37767859268521303;0.4131225497925966;0.4355975133661193;0.29941926828427085;0.34705808735064025;0.3861229370310759;0.4091966143301906;0.29062037741441354;0.3291092678669947;0.362316859471114;0.3813489543274417;0.2940474472912838;0.3252034739380271;0.3501252217223716;0.36485323098813405;0.38413041353686744;0.40810031587128626;0.46866503396036086;0.535723082258858;0.582023748765517;0.48941927557423837;0.5609640425659344;0.5877718246289213;0.6088091083674002;0.5296136953979583;0.6366529154451329;0.6380528133729758;0.6183816255327641;0.5536782229353224;0.6549802396243029;0.6548572080672115;0.6379785032472891;0.5609721390304416;0.6306076775464169;0.6388611677472844;0.6287843240796579;-2.8501658088655093e-07;-0.02375480039309321;-0.03755324410128284;-0.044005808201416474;-0.04897247932665856;-0.06660308255705939;-0.08420828592886558;-0.08689476772989635;-0.08671291046735315;-0.05801706108371242;-0.08023926559088229;-0.0775608221201864;-0.07169855054726267;-0.04753413412182985;-0.06612537589075008;-0.060936286699137844;-0.05299287592205188;-0.03745528222773747;-0.04877246222761143;-0.04608955171087028;-0.04137591911971588;0.9820939014555263;0.9826649358578754
1764173040.6412673;0.6823982296592909;0.6372848423085459;0.6036349758991361;0.5883643908560982;0.5797890968302161;0.6579514965992477;0.6018226014470519;0.5670765414716229;0.543106665883123;0.6823296399975753;0.6370005225724298;0.5983730690784416;0.5749167156119271;0.6895932050123257;0.6436010385568174;0.6115866992116246;0.5956002051935191;0.6871905132880513;0.6477803386320046;0.6247418711350298;0.6126152588427239;0.338039313554442;0.3621453742504175;0.42904429050769427;0.5078226315645598;0.5650597790404318;0.46423430395439846;0.5599703225049494;0.6031703509725634;0.6358607117624908;0.5003899457194225;0.6262838477611781;0.6306744010946843;0.6123829021017344;0.5217060098507225;0.6191838214029042;0.6088814598496364;0.5889652047744577;0.5312550129039295;0.5903673086955932;0.5800280198044017;0.5632664670652959;5.73825441308939e-07;-0.03631009673917004;-0.053944504143683035;-0.06016586619928361;-0.06363467978587858;-0.07308999578501288;-0.08954505830507878;-0.0927866994857705;-0.09336197941401297;-0.05770071517387805;-0.07763633713133646;-0.07692881278707753;-0.07274758958582776;-0.04095010835945574;-0.05543957767118984;-0.05117886522392299;-0.04585062490189145;-0.02628095628248308;-0.036724445223578414;-0.03527013895615789;-0.031993021497800464;0.30103945648684444;0.3401526505394667;0.37135906510093275;0.39213055025752974;0.4047616838854957;0.32241138047061957;0.37797762547733377;0.4133775359945393;0.43613006559720274;0.29968515410832575;0.3473917252886508;0.3864756250787828;0.4099800927600486;0.29072730728112894;0.32959472875665324;0.3626520821305157;0.3818148455415529;0.2940393156511244;0.32566545598741276;0.35046416836069355;0.36505097580949886;0.38354568756472945;0.4071059576072129;0.4671487833728389;0.533764504218301;0.579908983778127;0.4878001881301718;0.5583067979441383;0.5847153189864174;0.6053336752195141;0.5281229599605288;0.634729986869654;0.6360932640498334;0.6162670992864423;0.5524410828100482;0.6531854035681224;0.6525452397724943;0.6353287508782541;0.5597493086636965;0.6286073511672738;0.6359579339666547;0.6251923249510055;-2.8507960733159033e-07;-0.024192728028873504;-0.03832484025493651;-0.04491065487970048;-0.050068207853232176;-0.06821834924315681;-0.086215160955464;-0.0890246723699789;-0.08884940376855828;-0.059361610912834886;-0.08203983578786563;-0.07922286020312232;-0.07314486527165506;-0.04855495897912053;-0.06754910663475304;-0.06203786234258199;-0.05372331887400276;-0.03815545767151516;-0.04979511034462586;-0.04696199430753015;-0.04200564507363849;0.9819696851082452;0.9829946243449927
1764173040.6746001;0.6831387407779785;0.637724209046765;0.6041241010900441;0.5883376362109274;0.5788643956412696;0.6583556693075776;0.6021587203935044;0.5672823986147045;0.5430884703302551;0.6825683967751736;0.637266433020481;0.598243226251617;0.5743160030008547;0.6898682930418673;0.6443351253684617;0.6118848309512126;0.5953304641027589;0.6876586497491163;0.6485733814290925;0.6254266982755878;0.613028369717375;0.3396410409396797;0.36318818692289206;0.42925199314270607;0.5075011368946994;0.5649705569873342;0.4649120982743579;0.5598385643567703;0.6021200166735196;0.6338612758784946;0.5008075655797624;0.6263186028632568;0.630703330427643;0.6120370668896605;0.5219230796042337;0.6199474560366947;0.61096317474682;0.5915724359682852;0.531157790393924;0.5908215391255738;0.5816041297665228;0.5654147792820772;5.674602791877972e-07;-0.036186945067546224;-0.0540521250031516;-0.06063961145947137;-0.06450240764625237;-0.0730574178646301;-0.08958694598407664;-0.0929686924230692;-0.09368814018576682;-0.057906665838510216;-0.07806831940792704;-0.07758622190293316;-0.07355278519666639;-0.04138952746974312;-0.05588334740400708;-0.05179356865895227;-0.04664466401523086;-0.02695163735331051;-0.03723103026449036;-0.03578220435992993;-0.03261162415800911;0.30124665036462145;0.34028336124628;0.37146192384304916;0.3921978059688428;0.40519591317320663;0.3228283219879796;0.37800636527328346;0.41336044773682956;0.43643464159509815;0.2999449395182954;0.3475002801166705;0.3865761395473664;0.4105879279724082;0.29086897123193833;0.33009859793173835;0.363011673739193;0.3823802743420478;0.29412125549282203;0.32648581206506655;0.35123695064907834;0.3657900803640668;0.38291542713151083;0.4063617754559291;0.4659624712332568;0.5319849911185837;0.5776724670227178;0.4866818299961466;0.5560690641616184;0.5819338933056499;0.6018665644938318;0.5267630618475623;0.633030877364298;0.6344233033413412;0.6145595304451037;0.5510576422054324;0.6512975152017623;0.6501396161024932;0.6326669729283513;0.5581984370506738;0.6261765090994382;0.6326520494062411;0.6213493523607646;-2.8644709743513346e-07;-0.024490394031139995;-0.03895465552557469;-0.045710905070947966;-0.05113585112084499;-0.06959451761200476;-0.08802254347723429;-0.09107446524458741;-0.09098788998776552;-0.060562533612515124;-0.08369038890419528;-0.08083249577067143;-0.07460860223258753;-0.04952848465220487;-0.06893978206651656;-0.06318161843581852;-0.05454915032670064;-0.03889165931715517;-0.050903325754759365;-0.047976973719618;-0.04281356153812006;0.9798638291814891;0.9835270637302825
1764173040.7079332;0.6838792518966662;0.6381635757849841;0.6046132262809523;0.5883108815657565;0.5779396944523232;0.6587598420159075;0.602494839339957;0.5674882557577863;0.5430702747773872;0.6828071535527718;0.6375323434685323;0.5981133834247925;0.5737152903897822;0.6901433810714088;0.6450692121801062;0.6121829626908006;0.5950607230119986;0.6881267862101812;0.6493664242261804;0.6261115254161459;0.613441480592026;0.3412427683249174;0.3642309995953667;0.42945969577771786;0.5071796422248392;0.5648813349342365;0.4655898925943174;0.5597068062085913;0.6010696823744758;0.6318618399944984;0.5012251854401021;0.6263533579653355;0.6307322597606018;0.6116912316775868;0.5221401493577449;0.6207110906704852;0.6130448896440038;0.5941796671621128;0.5310605678839184;0.5912757695555545;0.5831802397286439;0.5675630914988583;5.610951170666553e-07;-0.03606379339592242;-0.054159745862620165;-0.06111335671965913;-0.06537013550662615;-0.07302483994424733;-0.08962883366307449;-0.0931506853603679;-0.09401430095752068;-0.058112616503142374;-0.07850030168451762;-0.07824363101878878;-0.07435798080750501;-0.0418289465800305;-0.056327117136824326;-0.05240827209398155;-0.04743870312857028;-0.027622318424137943;-0.0377376153054023;-0.03629426976370197;-0.033230226818217766;0.30145384424239846;0.34041407195309326;0.3715647825851656;0.3922650616801559;0.40563014246091755;0.3232452635053396;0.37803510506923316;0.41334335947911977;0.43673921759299356;0.300204724928265;0.34760883494469025;0.38667665401595;0.41119576318476775;0.2910106351827478;0.3306024671068234;0.3633712653478704;0.38294570314254267;0.29420319533451966;0.3273061681427204;0.35200973293746307;0.36652918491863473;0.38228516669829216;0.40561759330464525;0.46477615909367476;0.5302054780188663;0.5754359502673086;0.48556347186212145;0.5538313303790985;0.5791524676248824;0.5983994537681495;0.5254031637345956;0.6313317678589419;0.632753342632849;0.6128519616037652;0.5496742016008166;0.6494096268354023;0.647733992432492;0.6300051949784483;0.5566475654376513;0.6237456670316026;0.6293461648458276;0.6175063797705238;-2.878145875386766e-07;-0.024788060033406483;-0.039584470796212884;-0.04651115526219545;-0.05220349438845781;-0.0709706859808527;-0.08982992599900458;-0.09312425811919593;-0.09312637620697277;-0.06176345631219536;-0.08534094202052493;-0.08244213133822056;-0.07607233919352;-0.050502010325289205;-0.07033045749828008;-0.06432537452905503;-0.05537498177939852;-0.03962786096279518;-0.05201154116489288;-0.048991953131705866;-0.04362147800260163;0.9777579732547329;0.9840595031155723
1764173040.7412663;0.6839052433437111;0.6380841761940028;0.6043044192283538;0.5877072102921742;0.5773715599083239;0.6581989896402214;0.6013383356345781;0.5663644939293628;0.5419504366415837;0.6822023605728268;0.636099948532227;0.596622414322054;0.5721368129500796;0.6895869077141317;0.6440087302901285;0.6110200335047036;0.5936561308801639;0.6875143088382069;0.6485151207843054;0.6252073726226103;0.6123472715675292;0.34108886188738585;0.36331470965566426;0.4284699229188855;0.5060485506466372;0.5636810502683534;0.4654287814588775;0.5573932220406085;0.5977660190046447;0.6280596505275357;0.5015111585608447;0.6246741420611224;0.6286923141642945;0.6099109844798869;0.5227979528126073;0.6201297600689095;0.6124811829021319;0.5940405723836869;0.5319882619384666;0.5911758458035576;0.583131718292159;0.567772818227318;5.598499354085725e-07;-0.03611019103374384;-0.05411518249141342;-0.06101918694795791;-0.06520325696797111;-0.0724149198203898;-0.08905231012052445;-0.09259031754927155;-0.0934753338865083;-0.05758938392499922;-0.07833064617626609;-0.07824906988851968;-0.07435053279131285;-0.041484905489371796;-0.05637068464620228;-0.05271747133298316;-0.04779265175597726;-0.027458722776668554;-0.03787352332982657;-0.03662408939225904;-0.03361887464257883;0.3016992384028531;0.3410170443061728;0.372210822365298;0.3925829931166581;0.4053953987000032;0.3234889073400863;0.3783376473176884;0.41362076838902867;0.4370435792146423;0.300515599806311;0.34812460248594385;0.3871669843443534;0.41159410035532185;0.2912672666324266;0.3307395968816108;0.3636352919301128;0.3833571096007495;0.29435352411259735;0.32721534980164396;0.3520403503267591;0.3668189554580761;0.38269049162343116;0.40564229280698255;0.464636928617267;0.5301772780977109;0.5754960564422845;0.48523707084887563;0.553760418066766;0.5794232717511364;0.5990890314117626;0.5253031804822397;0.6309655340827117;0.6329471105728316;0.6138486013810707;0.5494464086257397;0.6491844121988557;0.6479360784051871;0.6305148687584076;0.5563019300939585;0.6232186247212524;0.6294906475400583;0.618496312280205;-2.878542004294255e-07;-0.024197042696616735;-0.03867424780384845;-0.04546131642531029;-0.05101868912227498;-0.07004401541200148;-0.08843151268783705;-0.09134264017364319;-0.09118408489567197;-0.06116500415382034;-0.08432441741103651;-0.08141863632523477;-0.0752085515731552;-0.050196882095198264;-0.06971911273830286;-0.06395305889733445;-0.055325554634587465;-0.039571880323571416;-0.051791934480944594;-0.04896369238910588;-0.043860856490534124;0.979326654157374;0.985688211817725
1764173040.774599;0.6838694303088487;0.6379599043825922;0.6039265926779523;0.5870536369168896;0.5768342676456936;0.6575546645797201;0.6000527231399795;0.5651257227947869;0.5407353086883162;0.6815246022739452;0.6345206536734056;0.5950137105961387;0.5704737608638571;0.6889585060073268;0.6427930218986946;0.6097307255537795;0.5921533764675422;0.6868083605923806;0.6475215847750028;0.6241657763331357;0.6111226824721505;0.340783096735334;0.3622289613696711;0.4273765708929135;0.504847430601117;0.5623846609718;0.4651951067270836;0.5548909144096933;0.5942674473050451;0.6241015265837159;0.5017857445093953;0.6228466711903183;0.6264734151420581;0.6080066635958611;0.523493878826095;0.6194320927409228;0.6116886526298285;0.593663926057557;0.5330046091677059;0.5910279888546552;0.5829426695813862;0.567814861298499;5.590476215292972e-07;-0.03617125433808765;-0.0540574554972798;-0.060875893694138206;-0.06494688710387374;-0.07175506078346229;-0.08842229527931562;-0.09196573706039494;-0.09286153503657124;-0.05700307849620721;-0.0781089502371297;-0.07819811467299322;-0.07427279277290273;-0.0410730967028243;-0.05637963548642552;-0.05300024508741752;-0.0481085334615697;-0.027222963909083638;-0.03797736855476725;-0.036938145136119906;-0.03398763184663136;0.3019479368091855;0.34166086632026316;0.3729038461879541;0.3929226074877763;0.4051027901463881;0.32371756128174156;0.3786638729151033;0.41392365069818776;0.43734792229318664;0.30083089381826;0.3486755930892995;0.38769103294282214;0.4119743163761746;0.2915338425342819;0.3308450044526159;0.3638910523341355;0.3837551934431557;0.2945097683930033;0.32704571674753474;0.3520067719788371;0.36706985952944055;0.38318539255198075;0.4057334989908514;0.4645882685509899;0.5303005631642388;0.5757548157768333;0.48497917249760697;0.5538769313546867;0.5799580874775904;0.6001381540494606;0.5253121772738177;0.6307145913154695;0.6333020872074185;0.6150791496416237;0.5493185767935755;0.6491030154199978;0.6483637258981982;0.6312988665896659;0.5560605452085218;0.6228562571740143;0.6299335799047827;0.6199042811402653;-2.8777895467256784e-07;-0.023529156078924317;-0.03763081466942674;-0.04425144869292508;-0.04963905169096231;-0.06891815401173036;-0.08675580463109636;-0.08922961307294493;-0.08888881472170107;-0.060410909771343384;-0.0830771960641558;-0.08016738093309807;-0.074143437863975;-0.049781152932535704;-0.06893459734967948;-0.06344960617980096;-0.055200419421404336;-0.03944737754614038;-0.051457473917044944;-0.048845193518957775;-0.04405105761291637;0.9812131749376324;0.9874117455608787
1764173040.8079321;0.6838336172739863;0.6378356325711815;0.603548766127551;0.5864000635416049;0.5762969753830631;0.656910339519219;0.598767110645381;0.563886951660211;0.5395201807350487;0.6808468439750636;0.6329413588145842;0.5934050068702235;0.5688107087776348;0.6883301043005219;0.6415773135072608;0.6084414176028553;0.5906506220549206;0.6861024123465543;0.6465280487657002;0.6231241800436612;0.6098980933767719;0.34047733158328214;0.3611432130836779;0.4262832188669414;0.5036463105555968;0.5610882716752466;0.4649614319952896;0.5523886067787781;0.5907688756054456;0.6201434026398961;0.502060330457946;0.6210192003195142;0.6242545161198217;0.6061023427118353;0.5241898048395827;0.6187344254129362;0.6108961223575251;0.5932872797314271;0.5340209563969451;0.5908801319057527;0.5827536208706134;0.56785690436968;5.58245307650022e-07;-0.03623231764243146;-0.05399972850314617;-0.0607326004403185;-0.06469051723977637;-0.07109520174653479;-0.0877922804381068;-0.09134115657151833;-0.09224773618663416;-0.0564167730674152;-0.07788725429799331;-0.07814715945746674;-0.07419505275449263;-0.040661287916276816;-0.056388586326648754;-0.05328301884185188;-0.04842441516716215;-0.02698720504149872;-0.03808121377970794;-0.037252200879980775;-0.03435638905068389;0.30219663521551793;0.3423046883343535;0.3735968700106101;0.3932622218588945;0.40481018159277304;0.3239462152233968;0.3789900985125182;0.4142265330073468;0.43765226537173096;0.301146187830209;0.34922658369265525;0.3882150815412908;0.4123545323970274;0.29180041843613713;0.33095041202362097;0.36414681273815824;0.3841532772855619;0.2946660126734092;0.3268760836934256;0.35197319363091506;0.367320763600805;0.3836802934805304;0.40582470517472036;0.46453960848471276;0.5304238482307667;0.5760135751113821;0.48472127414633825;0.5539934446426076;0.5804929032040445;0.6011872766871584;0.5253211740653958;0.6304636485482272;0.6336570638420055;0.6163096979021766;0.5491907449614114;0.6490216186411398;0.6487913733912094;0.6320828644209244;0.5558191603230851;0.6224938896267761;0.6303765122695072;0.6213122500003257;-2.877037089157102e-07;-0.022861269461231896;-0.036587381535005035;-0.04304158096053985;-0.04825941425964964;-0.06779229261145925;-0.08508009657435567;-0.08711658597224668;-0.08659354454773016;-0.05965681538886642;-0.08182997471727507;-0.07891612554096136;-0.07307832415479479;-0.04936542376987315;-0.0681500819610561;-0.06294615346226745;-0.055075284208221206;-0.03932287476870935;-0.05112301335314529;-0.048726694648809674;-0.044241258735298605;0.9830996957178908;0.9891352793040323
1764173040.8412652;0.6831786635617777;0.6378029746749122;0.604053425387154;0.5869678530298124;0.576755004982657;0.6567622766383192;0.5986543129165324;0.5635026228850308;0.5390746548450642;0.6803737687699337;0.6327062771136883;0.593489223107148;0.5694369499394483;0.687602830934935;0.640859980695755;0.6080623145045112;0.5908218020220551;0.6852385022968839;0.6457975989949118;0.6227499660601007;0.6100284891299778;0.3409250175505439;0.36134467397123077;0.42552769357609954;0.5023101371661919;0.5597056925925495;0.46612503369060754;0.5537548256524807;0.5921283811081288;0.6211586420319198;0.5030969441582004;0.6224702010658049;0.6250420903338005;0.6058705132904254;0.5248046158627881;0.6190431122156893;0.6099611758472607;0.5912660103556465;0.5342452762151408;0.590833552627518;0.5817504631277597;0.5661055487191186;5.611790393588888e-07;-0.03648766481595056;-0.054263979076221644;-0.06090963639616107;-0.06479689225051653;-0.07116534741901419;-0.0876935583123105;-0.09115590571753371;-0.0919548595045384;-0.056145738862655094;-0.07727398452102666;-0.07739693754202727;-0.07338735568310323;-0.04005350516349659;-0.05561363963138138;-0.0524794809371613;-0.047587884574282154;-0.026038348742746603;-0.03714901689911453;-0.036388154893357165;-0.03349741369737505;0.30207260582105316;0.3422270189908383;0.373753987264536;0.39366821657374323;0.4057818312740658;0.32407766276068195;0.37945175138550685;0.41461809989056275;0.4379876367310571;0.301441660584423;0.34996577956584723;0.38890507011816977;0.4127834114624252;0.2922970138783725;0.33188986876689963;0.3648966599334092;0.38434767709347195;0.2951442784643064;0.3275111152419582;0.3526661799701276;0.3677625912171895;0.38394620529056783;0.4050608075581262;0.4640643053182385;0.5302162641926952;0.5759593885049281;0.48406962036803786;0.5540384362908771;0.5805223715436467;0.6011619651306834;0.524898584872692;0.6301625745917365;0.6331655545253543;0.6154127200493495;0.5490386395326451;0.6485692873491632;0.6476573872126478;0.630494080232126;0.5562633198610198;0.623076875276687;0.630043254972891;0.619947400228001;-2.8694377803080817e-07;-0.02358563558037919;-0.03743860176063008;-0.04383635708804976;-0.04892376956823828;-0.0683268176340281;-0.08565677393281655;-0.0876264035050887;-0.08699627478297361;-0.0597566932775488;-0.08195811529803239;-0.07884613248138905;-0.07280330411071267;-0.04909228533136534;-0.0679576471212235;-0.06252322841856602;-0.054405820883426874;-0.03874521415436895;-0.05060638187945996;-0.048006565035888335;-0.043297906753595586;0.9844866492837098;0.9879547542110034
1764173040.874598;0.6824055296732682;0.6377878038361714;0.6047265315481243;0.5877687735071733;0.5774030193748153;0.6567089391631676;0.5987653794254184;0.5632813881406052;0.5387760288614308;0.6799397630121693;0.6327277757891144;0.5938965800889665;0.5705001662339845;0.6868566851700801;0.6402377766910858;0.6078569492558735;0.5913124988087981;0.6843444408543068;0.6451173665320593;0.622503140506115;0.6104175213355278;0.341516520568393;0.3617918344431138;0.4248366518906443;0.5009481850990578;0.5583066617978353;0.46755534435940954;0.5558594601416783;0.5944151854319947;0.6231231858023246;0.5042790119972923;0.6245469890812613;0.6264035333793716;0.6059579252678539;0.5254039438395667;0.6195438896255429;0.6089990452466496;0.5889308190408498;0.5343184156271751;0.5908063050026745;0.5805919100887159;0.5640118731647482;5.648258990246643e-07;-0.036780096456298705;-0.05458968800125167;-0.061147816069186775;-0.06497250718495919;-0.07137483474423076;-0.08769624814194246;-0.09105451311354858;-0.09172323972214581;-0.055934882918186976;-0.0765859720129121;-0.07651324117578721;-0.0724403260555281;-0.039408315341972235;-0.05468906434226481;-0.05146859031266007;-0.04653138412061285;-0.024953378014401034;-0.03601906263773972;-0.03529923550509265;-0.03240409152211086;0.30187743098449066;0.3420116330039798;0.3738088118811168;0.39408688181891255;0.40699479971627694;0.32419055575870587;0.37993925431146225;0.41502659468528685;0.43832893069864876;0.30173334990165845;0.350740899636534;0.38962673294392536;0.41322157922002833;0.29283751493177085;0.33298852693536235;0.36574081730118124;0.38450319815219436;0.29568401099495273;0.32829973935528717;0.3534978513383834;0.36824086188930594;0.38416840817404474;0.4041336896563983;0.4635075654788986;0.5299455246060629;0.5758454674829632;0.4833428074417624;0.5540697760498546;0.5804553803136284;0.6009315679981235;0.5243936155205549;0.6298519317068901;0.6325124698791958;0.6141096448096705;0.5488819008144974;0.648046152913797;0.6462253199204127;0.6284523847620725;0.5568383345725534;0.6238403078130543;0.6295618403440618;0.618053281087961;-2.860531559926617e-07;-0.02457575176234003;-0.03865146914708976;-0.04501377511497168;-0.04997827760172097;-0.06917827347274036;-0.08666338154009764;-0.08863686370694472;-0.087913993252212;-0.060019575467603045;-0.08234878186203237;-0.07900161611205535;-0.07267909536372669;-0.04884636428873549;-0.06787822728137502;-0.06211567431565199;-0.0536324574361733;-0.03808105579401121;-0.05005497803331859;-0.04717159750349164;-0.04213818471159954;0.9857782465861837;0.9862199089161112
1764173040.907931;0.6816323957847588;0.6377726329974307;0.6053996377090946;0.5885696939845342;0.5780510337669736;0.6566556016880161;0.5988764459343044;0.5630601533961795;0.5384774028777976;0.6795057572544049;0.6327492744645404;0.5943039370707851;0.5715633825285207;0.6861105394052252;0.6396155726864167;0.6076515840072358;0.5918031955955411;0.6834503794117297;0.6444371340692069;0.6222563149521293;0.610806553541078;0.3421080235862421;0.36223899491499684;0.42414561020518904;0.49958623303192373;0.556907631003121;0.46898565502821155;0.5579640946308758;0.5967019897558605;0.6250877295727295;0.5054610798363841;0.6266237770967176;0.6277649764249427;0.6060453372452824;0.5260032718163452;0.6200446670353964;0.6080369146460385;0.5865956277260529;0.5343915550392094;0.5907790573778309;0.5794333570496722;0.5619181976103779;5.684727586904399e-07;-0.03707252809664686;-0.054915396926281695;-0.06138599574221248;-0.06514812211940184;-0.07158432206944731;-0.08769893797157444;-0.09095312050956345;-0.09149161993975323;-0.055724026973718865;-0.07589795950479755;-0.07562954480954716;-0.07149329642795298;-0.03876312552044788;-0.05376448905314824;-0.050457699688158844;-0.04547488366694355;-0.023868407286055462;-0.034889108376364907;-0.03421031611682815;-0.031310769346846665;0.3016822561479282;0.34179624701712125;0.3738636364976976;0.3945055470640819;0.4082077681584881;0.32430344875672984;0.38042675723741765;0.41543508948001096;0.43867022466624034;0.30202503921889384;0.35151601970722074;0.3903483957696809;0.41365974697763147;0.2933780159851692;0.33408718510382507;0.36658497466895323;0.38465871921091677;0.2962237435255991;0.32908836346861614;0.3543295227066392;0.3687191325614224;0.38439061105752165;0.40320657175467034;0.4629508256395587;0.5296747850194307;0.5757315464609982;0.4826159945154869;0.5541011158088323;0.5803883890836101;0.6007011708655636;0.5238886461684177;0.6295412888220437;0.6318593852330373;0.6128065695699914;0.5487251620963498;0.6475230184784307;0.6447932526281774;0.6264106892920192;0.5574133492840869;0.6246037403494218;0.6290804257152326;0.616159161947921;-2.8516253395451526e-07;-0.025565867944300873;-0.039864336533549434;-0.0461911931418936;-0.05103278563520366;-0.07002972931145261;-0.08766998914737874;-0.08964732390880076;-0.08883171172145037;-0.06028245765765729;-0.08273944842603237;-0.07915709974272164;-0.07255488661674069;-0.04860044324610564;-0.06779880744152655;-0.06170812021273798;-0.05285909398891973;-0.037416897433653465;-0.04950357418717721;-0.046336629971094945;-0.04097846266960349;0.9870698438886577;0.9844850636212189
1764173040.9412642;0.6809642428984769;0.6368585290867682;0.6045493736076107;0.58815334426409;0.5787030388028686;0.6549159930896947;0.5972897473955977;0.5618555187265195;0.5374683563862427;0.6779533374029908;0.6311769530351391;0.592850205102011;0.5700676932503167;0.6847894502881927;0.6384258966210574;0.6067303206649706;0.5908406376383676;0.6821757401582981;0.6434740939558382;0.6214590536749692;0.6099415162229532;0.34243887583982496;0.36207873131513707;0.4227452790681726;0.49671698768984446;0.5532303028172059;0.46863785704266225;0.557089259205899;0.5956810976543097;0.6245102385844498;0.5054059128269109;0.6252216292747421;0.6271528978581858;0.6067038477959782;0.5265807976863145;0.6198403594310347;0.6083278919098882;0.5876571870322352;0.5351682976083058;0.5915980974489035;0.5809990119326686;0.5638866562558028;5.616794429018778e-07;-0.03703732795240253;-0.05495176155280284;-0.06140481446397543;-0.06513090344945359;-0.07254703855421048;-0.08876811899858622;-0.09203343904855546;-0.09254049281518453;-0.05667560720403187;-0.07695090103430928;-0.07654897708221081;-0.0722970989190152;-0.03963743805088291;-0.054501270873704745;-0.051012069538986446;-0.04591805078559004;-0.024680278678366075;-0.03524441603650156;-0.034237791487953514;-0.031149940648055367;0.3014990796928185;0.34145697073737635;0.37385657690896773;0.3946624905097936;0.4080010593365684;0.32416077839036467;0.3807268468834839;0.4156492688469563;0.438723282771366;0.3017112156645982;0.35153637437153096;0.39020259828686926;0.41325234818750456;0.2928727537506212;0.3339032809852063;0.3660839023149278;0.3835141704409023;0.2954265501050059;0.3281830783008095;0.35298463601196367;0.36662573515312197;0.3839653666242644;0.40201861099935865;0.4618049491979847;0.5287647221835581;0.5752185228282757;0.4816861576607157;0.5536727998570724;0.5804346893220679;0.6008658351833598;0.5227912286173237;0.6288193428861465;0.6314309750615362;0.6123803163213302;0.5478611328546342;0.6470550657042239;0.6433595852345163;0.623927251673841;0.5570328192979113;0.6261879994278888;0.6296629922339397;0.6150523129030571;-2.819717243285383e-07;-0.02581818308754323;-0.04005540836216591;-0.04625722955452474;-0.050928253878810274;-0.0702453967782007;-0.08777412418033255;-0.08953099932074265;-0.08852243574894818;-0.0603310044931305;-0.08269644131486108;-0.07899612754766941;-0.07232399309764005;-0.04850036911970882;-0.06776809932149926;-0.06151396714141963;-0.05246087141859834;-0.0371947400016941;-0.04929889117591468;-0.045923805842361665;-0.04036163266572333;0.9857433471759249;0.9861961861244678
1764173040.9745972;0.6803140727247792;0.635790442505701;0.6034381639158992;0.5875284823401051;0.5793557274157709;0.6528875348109219;0.5954122303255522;0.5604824326434081;0.5363376184692227;0.6762093388966829;0.6293316183152585;0.5910776780466794;0.56813367644172;0.6833698762945161;0.6371390154733462;0.6056864276146239;0.5896291445232428;0.6808359098584553;0.6424626103280437;0.6205675055535624;0.6088616631636347;0.34272507994108325;0.36181441905630973;0.421223450249902;0.4935895506638584;0.5491627138574567;0.4679854780739244;0.5557040557144831;0.5940936139516904;0.6234973099505543;0.505138813770603;0.62322355740998;0.6262027650608534;0.6074601846322147;0.5271545889660992;0.6195152743441859;0.6088335201875917;0.5893005924709654;0.5360655638252839;0.592562102304806;0.5830313097990814;0.5665509378619843;5.530977780735867e-07;-0.03694600614718388;-0.05493856297029051;-0.06138605776871014;-0.0650806533622894;-0.07363877936907832;-0.09001998455202725;-0.09331617870556635;-0.09380870758051178;-0.05782630684819081;-0.07830205914983711;-0.07777727613436444;-0.07340081006120946;-0.040772033618119194;-0.05552263473071512;-0.05183456056078704;-0.04661810334400658;-0.02581706949371033;-0.03585414152157791;-0.03445649961226831;-0.03114884334654736;0.3013179584995233;0.3410964726795795;0.37383891687011844;0.39477460234029116;0.407551167008477;0.32397433131743997;0.3809948335863968;0.4158301629678641;0.4387269675369237;0.3012936708302261;0.35142744155445566;0.3899082092581957;0.4127001081415698;0.29218835757527284;0.3334996804597094;0.365352398940685;0.3821469263110281;0.29440034805792503;0.32698763507487866;0.35126691597375065;0.3640918240616721;0.38342921775341215;0.40078596918779774;0.4605581566481056;0.5277451465215978;0.5746371349449882;0.4807215438379563;0.5531657472162121;0.5805003958137773;0.6010981715214652;0.5215923276982225;0.6280269428262164;0.6310410504866386;0.6121042582271957;0.546875948337879;0.646596565268359;0.6419256437516062;0.621368145868872;0.5564886093573095;0.62791286192483;0.630427813320284;0.6140803192277101;-2.7838690424920396e-07;-0.025944116659434194;-0.04007145180043965;-0.046132891940265;-0.050625184492058224;-0.0703521569253883;-0.08772367024409337;-0.08922166222002728;-0.08800298185929918;-0.06034283677076688;-0.08257914810534397;-0.07878094807664605;-0.07207482501882544;-0.04842527782944665;-0.0677457352717174;-0.061356368583155255;-0.052126908575516134;-0.03704829508427225;-0.04915359968300563;-0.045583292735016046;-0.03983779731114649;0.9839683842531658;0.9884975854127857
1764173041.00793;0.6796639025510816;0.6347223559246339;0.6023269542241877;0.5869036204161202;0.5800084160286733;0.6508590765321491;0.5935347132555068;0.5591093465602968;0.5352068805522026;0.6744653403903749;0.6274862835953781;0.5893051509913478;0.5661996596331234;0.6819503023008393;0.6358521343256349;0.6046425345642772;0.5884176514081181;0.6794960795586126;0.6414511267002494;0.6196759574321556;0.607781810104316;0.34301128404234155;0.36155010679748245;0.4197016214316313;0.4904621136378723;0.5450951248977075;0.4673330991051865;0.5543188522230672;0.592506130249071;0.6224843813166588;0.504871714714295;0.6212254855452181;0.6252526322635209;0.6082165214684514;0.527728380245884;0.619190189257337;0.6093391484652954;0.5909439979096957;0.5369628300422621;0.5935261071607086;0.5850636076654941;0.5692152194681657;5.445161132452955e-07;-0.03685468434196523;-0.054925364387778175;-0.061367301073444847;-0.06503040327512519;-0.07473052018394617;-0.09127185010546829;-0.09459891836257725;-0.09507692234583905;-0.05897700649234974;-0.07965321726536492;-0.07900557518651809;-0.07450452120340371;-0.041906629185355475;-0.0565439985877255;-0.05265705158258763;-0.04731815590242312;-0.026953860309054587;-0.036463867006654264;-0.0346752077365831;-0.031147746045039348;0.3011368373062282;0.3407359746217827;0.3738212568312691;0.3948867141707888;0.4071012746803856;0.3237878842445152;0.38126282028930963;0.41601105708877195;0.4387306523024814;0.30087612599585406;0.3513185087373804;0.3896138202295222;0.41214786809563514;0.29150396139992446;0.3330960799342125;0.3646208955664422;0.3807796821811539;0.29337414601084416;0.32579219184894775;0.3495491959355376;0.36155791297022233;0.38289306888255986;0.3995533273762368;0.45931136409822654;0.5267255708596374;0.5740557470617008;0.47975693001519687;0.5526586945753519;0.5805661023054868;0.6013305078595705;0.5203934267791211;0.6272345427662862;0.630651125911741;0.6118282001330613;0.5458907638211238;0.6461380648324941;0.6404917022686961;0.6188090400639031;0.5559443994167078;0.629637724421771;0.6311926344066283;0.613108325552363;-2.748020841698697e-07;-0.02607005023132516;-0.0400874952387134;-0.04600855432600526;-0.050322115105306174;-0.07045891707257591;-0.08767321630785418;-0.08891232511931192;-0.08748352796965018;-0.06035466904840326;-0.08246185489582687;-0.07856576860562269;-0.0718256569400108;-0.048350186539184485;-0.06772337122193554;-0.06119877002489088;-0.051792945732433926;-0.036901850166850395;-0.04900830819009657;-0.045242779627670426;-0.03931396195656965;0.9821934213304067;0.9907989847011035
1764173041.041263;0.681031309045034;0.6355410734904544;0.6011429646271629;0.5854222500761328;0.5774099767356978;0.6469601373866459;0.5891433785186369;0.5552315732288378;0.5318971282658185;0.671942790520685;0.6225550776427052;0.5847524344033969;0.5624986043932212;0.6813977531933294;0.6338875842294017;0.6032960337203623;0.5878427894566765;0.6804832071644834;0.6415979844652625;0.6195990521432896;0.6080484362477969;0.34021430146975373;0.3566002340412162;0.4137725546841416;0.4832164816106555;0.5353752703318269;0.4579890735630695;0.5457942047298098;0.5849701996140916;0.6157854394062307;0.49729203621013796;0.6122393506979629;0.6179969079310784;0.6031887497791353;0.5227383990164552;0.6189232415569788;0.6081077784598001;0.5876609445602053;0.534665204332962;0.5964803993099029;0.5885190052922217;0.572394140526112;5.226646551581766e-07;-0.03310750677013702;-0.05041537256989088;-0.057378441252160656;-0.06189423546746406;-0.07200878952857728;-0.08874082278064765;-0.09203419443164723;-0.09248160025566396;-0.05859195638316711;-0.07882066966134056;-0.07781391325745822;-0.07354585931502558;-0.04366271793440242;-0.05797783644897232;-0.05370164329864657;-0.04843637798943662;-0.030588277972798332;-0.04021317854893063;-0.03828778357515697;-0.034826901589860015;0.3006469154247265;0.34051745606868805;0.37360704618543344;0.39377501006574606;0.40421152184214093;0.3258107765884652;0.38201205853643205;0.4168682572707933;0.4398636608237323;0.3025267935998214;0.35209993556587815;0.3903112065509826;0.4125555957553642;0.2925686429860733;0.33379108650388223;0.36569722537115734;0.38203876774717116;0.293871573864812;0.32619764868843976;0.3506894113470315;0.3634900238576472;0.3810538863658102;0.39860410811189;0.45782803333380684;0.5246092950915705;0.5714280601046301;0.47727293327683856;0.54982523389362;0.5790261774967114;0.6007147864717287;0.5178707065524975;0.6246633704647194;0.6284329821407705;0.6101577109829043;0.544402390456939;0.6457257855848352;0.640276570725131;0.6190812308540088;0.5556142549454376;0.6306552167797935;0.6333359030910093;0.6166504975133834;-2.8406886796835935e-07;-0.02450813123177387;-0.03798990989296938;-0.04389631322315838;-0.048331966421986235;-0.06828683654511197;-0.08635711731120321;-0.0887104878142905;-0.0879403504874597;-0.059293154924656304;-0.08131329772533845;-0.07779050764732619;-0.07135255109062034;-0.048521066887072986;-0.06779156567303082;-0.061479558049980024;-0.05224994292682257;-0.03824854954008052;-0.049935597625367596;-0.04600880451563747;-0.04004537699341446;0.9798320543447291;0.9894232162652333
1764173041.0745962;0.6824689799614592;0.6364255011756604;0.599956440386426;0.5839110508477773;0.5746983131829684;0.6429960565987186;0.5846644971970975;0.5512665712900093;0.5285114893037615;0.6693931267064344;0.6175164026835385;0.5801028945249079;0.5587360100124013;0.6808753992223281;0.6318994335344605;0.6019389942128162;0.5872900989159978;0.6815513737494349;0.6417851827983924;0.61955051772581;0.6083619550745019;0.3373099433835176;0.35148718126428813;0.4076900008187831;0.4758274287171928;0.5254585691306507;0.4483423514560048;0.5370209179071974;0.5772271074892842;0.6088884755591623;0.4894576887360585;0.6030098485390505;0.6105215841382199;0.5979595398735746;0.5175546530253703;0.6186583185578135;0.606815915496014;0.5842063216306637;0.5322563128464244;0.5995040054977955;0.5920239640010052;0.5755909844934773;5.003510612947002e-07;-0.029233009826409074;-0.045748774767839756;-0.053251318034109416;-0.058650597034321364;-0.06915425035357733;-0.08607805187074818;-0.08933547816658363;-0.0897517260613696;-0.058153422026663654;-0.07791207199998992;-0.07653797341049907;-0.07251537291943531;-0.04544045089662397;-0.05942603919070049;-0.0547539699262274;-0.04956916331010249;-0.03430967835738203;-0.04407182977809474;-0.0420185547510953;-0.0386342261628755;0.3001462392049317;0.3403038821147559;0.373385990439182;0.3926206851665087;0.4012367980620684;0.32791061171266345;0.3827780569207826;0.4177490105874047;0.4410359993405918;0.3042494890750766;0.35291237019065574;0.3910431325870013;0.4129967553919359;0.2936942382122054;0.3345243533262126;0.3668365150406862;0.3833893182583694;0.2944220638783379;0.3266588587096261;0.35192915763983373;0.3655776690849205;0.3791693242072063;0.39766475936295664;0.4563364648546554;0.5224548254839251;0.5687291084343362;0.4747360222850636;0.5469107533824814;0.5774303347355518;0.6000695305004965;0.5153018827995034;0.6220302503788263;0.6261511685385488;0.6084386591712135;0.54289649296377;0.645315116043091;0.640103885636199;0.6194520247967441;0.5552915655497614;0.6316480741610726;0.6355271777946598;0.6203498804723657;-2.937832236181713e-07;-0.02288743082973452;-0.03581871499958724;-0.04171484110034735;-0.046283063266363014;-0.06603539277635004;-0.08499694077308811;-0.08851239431300228;-0.08843117295136485;-0.058194260280894555;-0.0801288256041091;-0.07699574120858281;-0.07087164635141735;-0.048700513479494584;-0.06786291392782842;-0.06177561339085104;-0.05273448621208503;-0.03964724937650665;-0.05090024092217079;-0.04681336585896284;-0.0408205075654487;0.9774502651647047;0.9879193862440869
1764173041.107929;0.6836905418139057;0.6370430497914442;0.5985523247895199;0.5820750426275957;0.5715521457157064;0.6388545025809037;0.5800660113700368;0.5471983309118433;0.5250069592401808;0.6665489533873581;0.6121355576265314;0.5751407121700658;0.5546394177091695;0.679976921019807;0.6294861411839613;0.6001360725168823;0.5862542556334659;0.682237538995343;0.641538746713563;0.6190446201870091;0.6081774238999175;0.33433485433029336;0.346362529873554;0.40171905962077376;0.46867235079073283;0.5159137812048822;0.439108389810775;0.5286479432909175;0.5696333452538115;0.6018397375052719;0.4819288070419419;0.593932212132561;0.603069568915373;0.5926853440507567;0.5125214199058519;0.6180630292736646;0.605338611839144;0.5808046632971334;0.5298323217137968;0.6022310354803699;0.595273934345798;0.5786123660289845;4.779857612549865e-07;-0.025411488942057758;-0.04109642728472312;-0.04905882339445935;-0.055240847459483225;-0.06621599613701518;-0.08321182725039275;-0.08632232508092713;-0.08662847968344328;-0.05753999764851657;-0.07672246370910119;-0.07491757504557489;-0.07108399755394705;-0.046958983505845174;-0.06050144711120277;-0.05539117598845977;-0.05026475059030672;-0.03769336823269297;-0.04746635030994578;-0.04522301494261258;-0.041876711055498596;0.29973908495285656;0.3401521357352284;0.37323843745209284;0.39163887757878707;0.39864865516866616;0.330027534983161;0.38368508872253826;0.4187526478151505;0.44230108519752864;0.30602483572104416;0.3539383360681051;0.3919651777137222;0.41360599808290177;0.29490016826439724;0.3354829503005295;0.36819058524239373;0.3849655775124282;0.29505482422467666;0.3272501229959116;0.3532817108667881;0.3677796274107569;0.3771787175272307;0.39636847529811126;0.45435828380769927;0.5197445140677227;0.56545350119218;0.47196094060076443;0.5438347431466847;0.5756231186686844;0.5992307356315241;0.5125510948211432;0.6190474466545515;0.6235854946764418;0.6065155942851607;0.5412119654059852;0.6445057876774474;0.6396383150632226;0.6196254878820239;0.554839195574844;0.6324070433444365;0.6374974548281636;0.6238579875329273;-3.030425479712922e-07;-0.021306062689305905;-0.03370831187070332;-0.03961215653835472;-0.044326323492588006;-0.06377674468839131;-0.08358092315496843;-0.08819672887925742;-0.088763814569622;-0.05706011145945027;-0.0788715351861884;-0.07609922479822506;-0.0702818831266001;-0.0488234602954105;-0.0678513321552044;-0.06199112930550306;-0.053151540434885985;-0.040973877410890064;-0.051802417455137716;-0.047584084280763016;-0.041586205059480935;0.9752716080589742;0.9866121571557883
1764173041.141262;0.6811661016498629;0.6330345567511866;0.5933765133462029;0.5746088441879329;0.5608743527347151;0.6316366542846736;0.5733943190304184;0.5413405709512137;0.519441588701655;0.6585997966000243;0.600823587549159;0.5647592321453494;0.5447533556455161;0.6725587619497508;0.6197035073088952;0.5906042960192801;0.5768435153802431;0.6763021504756995;0.6337757568378484;0.6106108590815716;0.5993597688998306;0.33013372533183205;0.3410368298553068;0.39768279561426134;0.46557295975710106;0.5128156820666482;0.4370291559400012;0.5272139202601812;0.5646280448638114;0.5921601681741627;0.47969482324170415;0.5874869938409726;0.5960215809399632;0.5866313691031918;0.5100971542679131;0.6117412204861494;0.6006469070949625;0.578321085306043;0.5271465955865369;0.5998172581191421;0.5941039747343698;0.5785923081567343;4.547241941319604e-07;-0.022508247104391817;-0.036691092687051445;-0.043733190363380935;-0.04895175233431864;-0.06182663797909614;-0.07681896660839806;-0.07785877143217733;-0.07668657902981878;-0.053895055935190936;-0.07066185942422659;-0.06732638452997665;-0.06270367307000033;-0.04398457617475273;-0.055114885661525906;-0.048832744596845196;-0.043382012783066214;-0.03522323492523531;-0.0428156991306274;-0.039304479676913084;-0.03532834986888983;0.3009530264253828;0.34107209923279125;0.37436497023896426;0.39364745912569515;0.4027614472307053;0.3324406616118921;0.3870367725729648;0.4218863362791947;0.4451738395000062;0.3087128298424469;0.35866562056850115;0.39618271856853315;0.4171287671623777;0.29749861011074447;0.340347386244193;0.37326762889015097;0.390454238173112;0.29711364614816543;0.33009572835584455;0.35658964252640957;0.37196307179666177;0.37334995106079427;0.38888512814324233;0.4439452336872991;0.5073993243295815;0.5521822329849262;0.4650574439484006;0.5379588009545306;0.5701519895070284;0.5950371666135388;0.506646166324101;0.6100032793280523;0.6160994297564397;0.6010561974476357;0.5364310911705696;0.6367861672087163;0.6340959115539908;0.6163784475588181;0.5521389619407465;0.6291118296772866;0.6356369914810108;0.6240505469343666;-3.044144282552579e-07;-0.020406474056845394;-0.03265166404575529;-0.03887516370750083;-0.04396712992022458;-0.06139321801486233;-0.08119696465344076;-0.0858430892487967;-0.0863545731966798;-0.055314872023586335;-0.07635202336384832;-0.07343898968108258;-0.06780518328230341;-0.0479670484818233;-0.06640225375828625;-0.060810586917607955;-0.05239874939799637;-0.041051223666835446;-0.051621804497529684;-0.04776817459015009;-0.04218839099797447;0.9766140117820182;0.9887127790725923
1764173041.174595;0.6786416614858202;0.6290260637109288;0.5882007019028858;0.5671426457482701;0.5501965597537237;0.6244188059884435;0.5667226266907999;0.535482810990584;0.5138762181631293;0.6506506398126906;0.5895116174717867;0.554377752120633;0.5348672935818626;0.6651406028796948;0.6099208734338293;0.5810725195216779;0.5674327751270205;0.6703667619560562;0.6260127669621337;0.6021770979761343;0.5905421138997436;0.3259325963333708;0.33571112983705964;0.393646531607749;0.46247356872346923;0.5097175829284141;0.43494992206922733;0.5257798972294451;0.5596227444738113;0.5824805988430536;0.4774608394414664;0.5810417755493842;0.5889735929645533;0.5805773941556269;0.5076728886299745;0.6054194116986342;0.595955202350781;0.5758375073149524;0.5244608694592768;0.5974034807579144;0.5929340151229416;0.5785722502844842;4.314626270089342e-07;-0.019605005266725876;-0.03228575808937977;-0.03840755733230253;-0.04266265720915406;-0.0574372798211771;-0.07042610596640336;-0.06939521778342753;-0.06674467837619427;-0.0502501142218653;-0.06460125513935198;-0.059735194014378414;-0.054323348586053595;-0.04101016884366028;-0.04972832421184904;-0.04227431320523062;-0.03649927497582572;-0.03275310161777765;-0.038165047951309025;-0.03338594441121359;-0.028779988682281064;0.30216696789790903;0.3419920627303541;0.3754915030258357;0.39565604067260324;0.40687423929274447;0.33485378824062323;0.3903884564233914;0.4250200247432389;0.4480465938024838;0.31140082396384966;0.3633929050688972;0.4004002594233441;0.4206515362418536;0.30009705195709163;0.34521182218785645;0.37834467253790827;0.39594289883379574;0.29917246807165415;0.3329413337157775;0.3598975741860311;0.37614651618256667;0.3695211845943578;0.38140178098837335;0.43353218356689893;0.4950541345914401;0.5389109647776725;0.45815394729603676;0.5320828587623766;0.5646808603453725;0.5908435975955535;0.5007412378270588;0.6009591120015532;0.6086133648364377;0.5955968006101108;0.5316502169351542;0.6290665467399851;0.6285535080447591;0.6131314072356124;0.5494387283066492;0.6258166160101367;0.633776528133858;0.6242431063358057;-3.0578630853922354e-07;-0.01950688542438488;-0.03159501622080727;-0.038138170876646955;-0.04360793634786114;-0.059009691341333353;-0.07881300615191308;-0.08348944961833597;-0.08394533182373759;-0.0535696325877224;-0.07383251154150823;-0.07077875456394009;-0.06532848343800671;-0.0471106366682361;-0.06495317536136808;-0.05963004452971284;-0.051645958361106754;-0.04112856992278083;-0.051441191539921646;-0.04795226489953716;-0.04279057693646801;0.9779564155050624;0.9908134009893961
1764173041.2079282;0.6761172213217774;0.6250175706706711;0.5830248904595686;0.5596764473086073;0.5395187667727324;0.6172009576922133;0.5600509343511815;0.5296250510299544;0.5083108476246035;0.6427014830253568;0.5781996473944143;0.5439962720959166;0.5249812315182092;0.6577224438096386;0.6001382395587632;0.5715407430240758;0.5580220348737978;0.6644313734364128;0.618249777086419;0.5937433368706968;0.5817244588996567;0.32173146733490954;0.3303854298188124;0.3896102676012366;0.45937417768983746;0.5066194837901801;0.43287068819845353;0.5243458741987089;0.5546174440838112;0.5728010295119444;0.4752268556412286;0.5745965572577958;0.5819256049891436;0.5745234192080622;0.5052486229920358;0.5990976029111189;0.5912634976065997;0.573353929323862;0.5217751433320169;0.5949897033966867;0.5917640555115135;0.5785521924122341;4.082010598859081e-07;-0.016701763429059935;-0.0278804234917081;-0.03308192430122412;-0.03637356208398948;-0.05304792166325806;-0.06403324532440866;-0.06093166413467773;-0.05680277772256976;-0.04660517250853966;-0.058540650854477384;-0.05214400349878018;-0.04594302410210688;-0.03803576151256784;-0.04434176276217218;-0.03571588181361604;-0.02961653716858522;-0.03028296831031999;-0.03351439677199064;-0.0274674091455141;-0.0222316274956723;0.3033809093704353;0.34291202622791694;0.37661803581270714;0.3976646222195113;0.4109870313547836;0.33726691486935434;0.393740140273818;0.42815371320728307;0.4509193481049614;0.3140888180852524;0.36812018956929327;0.404617800278155;0.4241743053213295;0.3026954938034388;0.35007625813151994;0.38342171618566556;0.40143155949447945;0.3012312899951429;0.33578693907571044;0.36320550584565253;0.38032996056847157;0.3656924181279213;0.3739184338335044;0.4231191334464988;0.48270894485329874;0.5256396965704188;0.4512504506436729;0.5262069165702224;0.5592097311837164;0.5866500285775682;0.49483630933001654;0.591914944675054;0.6011272999164355;0.5901374037725858;0.5268693426997388;0.621346926271254;0.6230111045355273;0.6098843669124067;0.5467384946725519;0.6225214023429868;0.6319160647867053;0.624435665737245;-3.0715818882318923e-07;-0.018607296791924365;-0.030538368395859244;-0.03740117804579308;-0.04324874277549771;-0.056626164667804374;-0.07642904765038541;-0.08113580998787526;-0.08153609045079539;-0.05182439315185847;-0.07131299971916814;-0.0681185194467976;-0.06285178359371002;-0.046254224854648904;-0.0635040969644499;-0.05844950214181773;-0.05089316732421714;-0.04120591617872621;-0.051260578582313615;-0.04813635520892424;-0.04339276287496155;0.9792988192281066;0.9929140229061999
1764173041.241261;0.6712737186383155;0.6193630414319039;0.5772291520620915;0.5526292268536527;0.5303697145632983;0.6099925315332373;0.5549620648506312;0.5263533592316609;0.5081767853336383;0.6360235427343635;0.571209677415783;0.5411755103291078;0.527551082639807;0.651863790331978;0.5931453852240934;0.5678484705937062;0.5587432170011912;0.6597913832477739;0.6133347797674221;0.5910013528813627;0.5822039843105025;0.32375635992567636;0.33324445830382055;0.3912438048012292;0.4620080050905889;0.5088400888806655;0.4360727962099877;0.5288321265795709;0.5536498294883876;0.5643541949316135;0.47912201846670294;0.5753907087552267;0.5742942279140159;0.5618011726673594;0.5095142791865573;0.5994644626932053;0.5861524612888871;0.5646413835245623;0.5263971336750338;0.59683327736851;0.5905335406919241;0.5757599773963906;3.582881094418104e-07;-0.014937293126281245;-0.026110174715976955;-0.031670052260633234;-0.035131660222748634;-0.05095105132088231;-0.06098207609146286;-0.05683380942807302;-0.051809172350217855;-0.04508291204607851;-0.05502286228912775;-0.047501613493521215;-0.0409027163367759;-0.036956805494260024;-0.0411096865863474;-0.030973264224510674;-0.024387458792075406;-0.029562498813184176;-0.0312889077631684;-0.02437462678239659;-0.01876923767818007;0.303699989342691;0.34424655083583666;0.37938621451206694;0.40093197943738973;0.41405940313702966;0.3384652333289289;0.39519700528585877;0.42958292246643615;0.45237292457826644;0.31569733008494005;0.37047096300298255;0.40707671518601124;0.4263107170232147;0.3045069863825238;0.35248390398150775;0.3853798446496971;0.40243507408388784;0.30304308770918054;0.33779358340858673;0.36466926917758835;0.3807254087653783;0.36543795435439647;0.3732304056362485;0.4240471410311286;0.4850003219600112;0.5293195725848724;0.4491961969942649;0.5258011160751289;0.5589861633718575;0.586656008472627;0.49278489304372053;0.5894999605585395;0.5988803947813162;0.5886877921600343;0.525110123385798;0.6195728399805882;0.6200206274510585;0.6056197865457762;0.5452879095615424;0.621090368005671;0.6282251091280955;0.61807744829059;-2.8834199051139277e-07;-0.019382183270285673;-0.03138888646970377;-0.037972164851283005;-0.04339905702922429;-0.0582532468982392;-0.07746126659715548;-0.0815684513425002;-0.0816647991532498;-0.052693637749806475;-0.07213990866577892;-0.06874746932372015;-0.06340841534467588;-0.046215699743305465;-0.06322816942450502;-0.057825943203359945;-0.050095021790656204;-0.0403093036234816;-0.050321655257016255;-0.04700895112235716;-0.042176806721670373;0.9812794775848219;0.99293616392428
1764173041.274594;0.6662829044363244;0.6136039526610301;0.5713940346568342;0.5456086207235128;0.5213177710443846;0.6027847038873824;0.5499737394423738;0.5232459396877045;0.508387730673493;0.6294263526736407;0.5644942495817887;0.5388350206025811;0.5309121584354364;0.646104199788174;0.5863297433004803;0.5645271352141484;0.5601079992294918;0.6552336793682113;0.6086006926674369;0.5886209220295925;0.5832740853323571;0.3261767419381489;0.336623397215765;0.3932374991847797;0.46500601806484526;0.5113985487680696;0.43961038568700167;0.5336944467695972;0.5529386968207957;0.5559856661436277;0.48340651702123194;0.5766447195914571;0.5666257927891576;0.5486553440946398;0.5142048926798702;0.600256200164304;0.5810147881856861;0.5555331611537977;0.5314833248755967;0.5989472868652631;0.5892991792836403;0.5727916693796019;3.0668220949115413e-07;-0.013245159883265831;-0.024507311894972853;-0.030506790194909796;-0.03421036623550547;-0.04899980441836184;-0.05814317782223653;-0.05301327270458571;-0.04712989265296565;-0.043695488568735175;-0.051666598495898886;-0.043046537231371855;-0.03607457315545762;-0.03599825235808507;-0.0380144676511887;-0.02634599078260873;-0.01926342419072521;-0.028953171482615978;-0.029217469936245598;-0.02146134193070095;-0.015502874972814103;0.3039622259114704;0.3456074091998231;0.3822586738637295;0.4042792966192732;0.41706568532917565;0.3395863847287018;0.3965335075918134;0.4309038597760961;0.45373635201965545;0.31723727120771367;0.37267077567079926;0.40942391863434385;0.42835906451432226;0.3062684903603551;0.35473548958026213;0.3871398533441964;0.4031536831681397;0.30483919394827813;0.3397469352485494;0.3660158872258158;0.38088023582071984;0.3654105374814905;0.3729740297752938;0.4256955554259521;0.4882214432499502;0.5340762193957993;0.4474499770198874;0.5257427899897229;0.5590959312180672;0.5869287521665647;0.49097825960854735;0.5875060755012754;0.5969662916199535;0.5874928901749811;0.5235428456737872;0.618176425986768;0.617192253869043;0.6012905699877081;0.5439167046397353;0.6197777500911937;0.6244178769138524;0.6113031123145907;-2.682434048170982e-07;-0.020263435777699183;-0.0323605515597609;-0.03862623715568533;-0.04358173624548867;-0.06013509107791952;-0.07871048801076709;-0.08217808287290729;-0.08195472355231743;-0.053728959635436876;-0.07317938899456833;-0.06958535485120909;-0.06415773042339112;-0.04622912844134984;-0.06302676278805339;-0.057237764974583404;-0.04929399524818721;-0.039350823244381515;-0.04933456253100404;-0.0457982382722735;-0.040845358523555135;0.9833006791604058;0.9928262756525669
1764173041.3079271;0.6612920902343333;0.6078448638901562;0.565558917251577;0.5385880145933729;0.5122658275254709;0.5955768762415276;0.5449854140341165;0.5201385201437481;0.5085986760133477;0.622829162612918;0.5577788217477945;0.5364945308760546;0.5342732342310659;0.64034460924437;0.5795141013768671;0.5612057998345905;0.5614727814577923;0.6506759754886489;0.6038666055674516;0.5862404911778222;0.5843441863542118;0.3285971239506214;0.34000233612770947;0.3952311935683302;0.4680040310391016;0.5139570086554736;0.4431479751640157;0.5385567669596235;0.5522275641532037;0.5476171373556419;0.48769101557576094;0.5778987304276875;0.5589573576642993;0.5355095155219202;0.5188955061731833;0.6010479376354028;0.5758771150824851;0.5464249387830331;0.5365695160761595;0.6010612963620161;0.5880648178753564;0.5698233613628133;2.550763095404978e-07;-0.011553026640250416;-0.022904449073968748;-0.029343528129186353;-0.033289072248262296;-0.04704855751584136;-0.0553042795530102;-0.04919273598109839;-0.04245061295571345;-0.04230806509139183;-0.04831033470267002;-0.03859146096922249;-0.031246429974139345;-0.035039699221910116;-0.034919248716030006;-0.021718717340706788;-0.014139389589375018;-0.02834384415204778;-0.027146032109322794;-0.018548057079005312;-0.012236512267448141;0.30422446248024976;0.3469682675638095;0.38513113321539205;0.40762661380115667;0.42007196752132164;0.34070753612847465;0.39787000989776805;0.43222479708575606;0.45509977946104446;0.3187772123304873;0.3748705883386159;0.41177112208267647;0.43040741200542976;0.3080299943381863;0.35698707517901646;0.3888998620386957;0.4038722922523916;0.3066353001873758;0.341700287088512;0.3673625052740432;0.3810350628760613;0.3653831206085845;0.3727176539143391;0.4273439698207756;0.4914425645398892;0.5388328662067262;0.44570375704550996;0.5256844639043168;0.5592056990642771;0.5872014958605024;0.4891716261733742;0.5855121904440115;0.5950521884585909;0.586297988189928;0.5219755679617765;0.6167800119929479;0.6143638802870275;0.59696135342964;0.5425454997179282;0.6184651321767164;0.6206106446996092;0.6045287763385913;-2.4814481912280364e-07;-0.021144688285112692;-0.033332216649818024;-0.03928030946008766;-0.04376441546175304;-0.06201693525759984;-0.0799597094243787;-0.0827877144033144;-0.08224464795138507;-0.05476428152106728;-0.07421886932335774;-0.07042324037869803;-0.06490704550210637;-0.04624255713939422;-0.06282535615160176;-0.05664958674580686;-0.04849296870571822;-0.03839234286528144;-0.04834746980499183;-0.04458752542218984;-0.03951391032543989;0.9853218807359895;0.9927163873808539
1764173041.34126;0.6605592444799243;0.6081332504508419;0.5662771126117049;0.5376234054658975;0.50925553609733;0.5945101536007371;0.5444298498734452;0.5194964696081575;0.5072087132809615;0.6217305231998007;0.5577502179179489;0.5372249791708879;0.5351718346022183;0.6396451144410774;0.5798787351947771;0.561475256643042;0.5611668844373069;0.6506458144603829;0.6043830347350212;0.5867916099128172;0.5847235351067759;0.3276653377750769;0.34005685577715494;0.39725732607016795;0.4686104799313679;0.5077255568945586;0.4469491386615164;0.5419573740633256;0.5585681866279565;0.5575050248863811;0.49035969574762855;0.5808697602179835;0.5598585657725998;0.5352689471003278;0.5200793838970573;0.6013528725106256;0.5754913100008453;0.5465433369361251;0.5364468884986319;0.5983660245795779;0.5842487156781695;0.5662661958480726;2.634154186952341e-07;-0.012129961327098291;-0.02350383709005149;-0.029836826859283985;-0.03385429327503822;-0.04651497219532679;-0.054345668330697955;-0.04851706384532033;-0.04222608903007035;-0.041458679406469204;-0.04749078750239089;-0.038031945289275775;-0.030616579769605905;-0.033939951299883135;-0.03396949543671997;-0.02129290916524638;-0.013916768598771702;-0.02703913153296552;-0.026140566088495108;-0.01810015773879128;-0.012145753606248177;0.303841509990499;0.3462812295305952;0.3850049566524748;0.4081640777626431;0.4209264539503455;0.3394236947516618;0.3969014288924303;0.43186153510583447;0.45485361147334735;0.3175871184091867;0.3727361938480248;0.41036365136569064;0.4292497077756039;0.3070669463131985;0.35512908024936074;0.38778118564862996;0.40267696101546596;0.3059772673522046;0.3408583937127391;0.3670065995686827;0.3803614635481935;0.3661849331723875;0.37308658290831714;0.4282944050786372;0.49221114417942263;0.5391223803153805;0.44521485178857045;0.5243863522452185;0.5563072758288392;0.5821059262312402;0.48894884398004407;0.5875049422187355;0.5959308992681205;0.5850661830772633;0.5221440277304661;0.6184830601416391;0.6152081575343911;0.5969319468028745;0.5429637115728618;0.6208887205270954;0.6226778426044811;0.6058749264563575;-2.409907173481908e-07;-0.021464951835754205;-0.033794591768183904;-0.03973975234552465;-0.04410728358348227;-0.0635941112402674;-0.08227397769037079;-0.0851648208463524;-0.08437783593600502;-0.056256726139045275;-0.07696410443620783;-0.07308612710853264;-0.0669466752282549;-0.04760582153065833;-0.06491883982671744;-0.058300865428288974;-0.04935781778164409;-0.039633606995549825;-0.04976827485862722;-0.0456851549039076;-0.04009897680764959;0.9849761145100024;0.9917266265662256
1764173041.374593;0.6599555107737141;0.6086050112981392;0.5671940204902656;0.5368424290230054;0.5064284423808555;0.5936296443279341;0.5440086979074387;0.5189291751084922;0.5057702070887704;0.620798613330356;0.5579243749948009;0.5380485458395913;0.5359957666780069;0.639099054153137;0.5804610925865071;0.5618535950789074;0.560810328323794;0.650752939637507;0.6050586724354277;0.5874316204224235;0.5850819385561081;0.3266319056371468;0.34001057087970504;0.3992844421753235;0.4691444107341214;0.5012275734506655;0.45075829436986975;0.5453136584406436;0.5651226356166991;0.5679464917432002;0.49297938034250416;0.5838928542348434;0.5610196264852086;0.5354196978233379;0.5211569287903202;0.6016430463370065;0.5752495932140314;0.5469415088565557;0.5361663167584324;0.5955249235915068;0.5803543287672095;0.5626911747295167;2.735722075721612e-07;-0.012775699719641405;-0.02417000275367304;-0.030380356576282394;-0.03446458908348553;-0.046024373851526336;-0.053444072024023896;-0.04793675171824733;-0.042136644227013256;-0.04062560834722853;-0.046748159771818454;-0.03759055256205705;-0.030114032106611847;-0.03283592200559594;-0.03308479793895859;-0.020994499722929428;-0.013842770492096238;-0.025713333126143705;-0.025167422947674992;-0.017727014934917483;-0.012151287049477445;0.30343899378583405;0.3455320942550934;0.38478785409292315;0.40861634008186987;0.42171569265344033;0.33806692809437516;0.395862952106686;0.43144720407208365;0.4545586366038757;0.3163142431285279;0.3704703755645077;0.40884232971773354;0.42799478819310055;0.3060212831881133;0.3531464727572135;0.3865752204653373;0.40142359441307446;0.30524481900025713;0.33993174164524165;0.366599069166794;0.379662744300243;0.3670118900068252;0.3734744726793801;0.4292236758969115;0.49290535673998986;0.5392764400025503;0.44476407139807783;0.5230506472463108;0.5533176368606625;0.5768475761734558;0.4887740880415804;0.5896185786014925;0.5968942950480672;0.5838332589712455;0.5223651193173636;0.6202800915855241;0.6161637985639756;0.5970329209607323;0.5434361829339357;0.6234255998164018;0.6249231676406405;0.6074673096321758;-2.3422912407905933e-07;-0.021768204825111048;-0.034241523965311244;-0.040193293589549366;-0.044455009025771264;-0.06516204893584533;-0.0846205407895049;-0.08759552146438705;-0.08656691619409548;-0.05776303183959781;-0.0797610622183558;-0.075804352351581;-0.06902543045967714;-0.04901001625131052;-0.06708191020548435;-0.060020049937745915;-0.050273180292740596;-0.040941572775352535;-0.05126209327955527;-0.046852778987528126;-0.04074215671620947;0.9845585760140599;0.990710185857754
1764173041.407926;0.6593564495915191;0.6090262131105618;0.5680135035925546;0.5360316256991607;0.5036986969948473;0.592771122410352;0.5435414128766927;0.5182814671327298;0.5042384106378581;0.61986541210226;0.5580222570791935;0.5387332824078385;0.5366336494180646;0.6385083800424347;0.5809300268351978;0.5621017224141759;0.5603068925693709;0.6507529908293882;0.6055797319662294;0.5878985800772022;0.5852422021682381;0.32558850891030355;0.3398916822120199;0.40115032043579485;0.4695558308731414;0.4950294301116498;0.4541820899444262;0.5483557033825067;0.5711238406482648;0.5775794374545935;0.4952912338645962;0.5865564152181191;0.5619794682753222;0.5354557957632979;0.5220468058924856;0.6017243118249407;0.5748730965648129;0.5472128541362268;0.5358203845788977;0.5926101451191771;0.5764631923622481;0.559146142941752;2.8308115578382785e-07;-0.0133770081429828;-0.02477550237700528;-0.030853731986769817;-0.03498612746013813;-0.04558806276069493;-0.05264428739364152;-0.04747025524062132;-0.04215511085352832;-0.03986828664369565;-0.0460953843383836;-0.0372496035373077;-0.02973861720986082;-0.0318228532031729;-0.03227291219303532;-0.02075189712239872;-0.013830620301772347;-0.024492919509001114;-0.0242714732903197;-0.017406662381421346;-0.012198982831408125;0.3030766460563185;0.34484535116335874;0.3845914772184538;0.4090499753036546;0.4224935471477611;0.33676885905942344;0.3948462448837506;0.4310356030503009;0.45426883981223626;0.3151084641877207;0.36833521479693304;0.40741093083698277;0.4268124925341722;0.3050433886300111;0.35128738653730157;0.38545268128592297;0.4002603271990824;0.3045718066535259;0.339081478475848;0.3662405126364888;0.37902769139349257;0.36781928815539167;0.37383751450962;0.43009743109143356;0.4935647107395557;0.5394221374652398;0.44435974943283957;0.5218067890850188;0.5504705735429446;0.5717996014501615;0.48864357949778653;0.5916102688604941;0.5977581917797087;0.5825767604842473;0.5226036245612;0.6219787502465085;0.6170652312166821;0.5971109893014213;0.5439024215421303;0.625803916695417;0.6270234608983591;0.6089362082606391;-2.2806470956264934e-07;-0.02207952267253311;-0.034694821758328324;-0.04065384702465837;-0.04481541604034244;-0.06666977342101126;-0.08686595311350027;-0.08992251429936156;-0.08866863089297164;-0.05919951967933305;-0.08242132256959482;-0.0783948911286837;-0.07101806669709851;-0.05033812008668699;-0.06912848189386767;-0.06165241522024743;-0.05115422329939701;-0.042169203965243665;-0.052675780313043624;-0.047973215191258536;-0.041379546173358706;0.9841571206725744;0.989758182951281
1764173041.441259;0.6588883972712234;0.6080298338477095;0.5661013776076009;0.5343845322428499;0.5036984172982243;0.5925290849397876;0.5417806427214538;0.5153791152106303;0.5000909292633893;0.6188960035851989;0.5559815305826408;0.5355254817950695;0.5320550556558692;0.6366668175198031;0.5782187876199426;0.5586989732551613;0.5556852255272303;0.6477508871045212;0.6017667078179033;0.5835135163998073;0.5798469941584721;0.3242657236883856;0.3377371191898975;0.3984953901442528;0.4665322804107877;0.49723824428947316;0.44680110583536603;0.5425870604243471;0.5616131165923753;0.5645429576605508;0.48897207802817527;0.579139340255524;0.5572975066325903;0.5322772434259649;0.517674828021382;0.5959481769929501;0.5707176238582577;0.543928216865448;0.5336418675388466;0.5876295873530399;0.5726631940852226;0.5564419560770629;2.744258595801183e-07;-0.012732583065443797;-0.023680039336802086;-0.029360111438853767;-0.03301907292922457;-0.04667386502959315;-0.054699112348098426;-0.05019493737482056;-0.04519921277444583;-0.04123483564659697;-0.047961899795454635;-0.039724908661879534;-0.03292776805137322;-0.033360147005263484;-0.033502532217928836;-0.0220740143189001;-0.01555257037627204;-0.026227298914347698;-0.025539884989264124;-0.018566450026014054;-0.013428831982776314;0.30384054747961475;0.3459079685800415;0.3849762099125845;0.40896134144165225;0.42295220965285535;0.33711656191849915;0.39443991561465663;0.4307005464742518;0.45412422666896923;0.31578394152148187;0.36986344717762515;0.40850079869607986;0.42766643629175105;0.3059655983419373;0.35289160649696943;0.3866692517152487;0.4016232788538992;0.30556526908016673;0.3403730175893085;0.36725509215816776;0.38017772399403454;0.36807829721747437;0.3735038664058511;0.4294146316996484;0.4932466956791807;0.5393333737440911;0.44525803509433237;0.5231381450105993;0.5516210656450815;0.5726501588807688;0.48975368540539227;0.5901828171665756;0.5958323207035665;0.5806592803067958;0.52333037627946;0.620919219481844;0.6164467620481917;0.5965468212344575;0.5441939053799787;0.6237364392147053;0.6250573334868321;0.6069428304066977;-2.3864407388843325e-07;-0.022616964103927925;-0.035326598992033685;-0.04131100922419416;-0.0455313906980966;-0.06648923174814239;-0.08627528628879648;-0.08934173425082331;-0.08832077819641933;-0.058678444870644705;-0.08124884181776412;-0.07740533946018262;-0.07059608690357178;-0.049532777363295005;-0.06790864750484296;-0.060850531245274064;-0.051073011387069794;-0.04114440303036808;-0.0518427326402249;-0.04777059122027304;-0.04185458216871038;0.9842066069965189;0.9906128958745732
1764173041.474592;0.6584203449509277;0.6070334545848571;0.5641892516226473;0.5327374387865389;0.5036981376016012;0.5922870474692232;0.540019872566215;0.5124767632885306;0.4959434478889206;0.617926595068138;0.553940804086088;0.5323176811823007;0.5274764618936738;0.6348252549971717;0.5755075484046873;0.5552962240961468;0.5510635584850897;0.6447487833796541;0.5979536836695771;0.5791284527224123;0.5744517861487061;0.3229429384664676;0.33558255616777516;0.3958404598527107;0.46350872994843406;0.49944705846729653;0.43942012172630585;0.5368184174661875;0.5521023925364859;0.5515064778665082;0.4826529221917543;0.571722265292929;0.5526155449898583;0.5290986910886321;0.5133028501502784;0.5901720421609596;0.5665621511517027;0.5406435795946691;0.5314633504987955;0.5826490295869028;0.5688631958081972;0.5537377692123738;2.657705633764088e-07;-0.012088157987904791;-0.022584576296598893;-0.027866490890937713;-0.03105201839831101;-0.04775966729849136;-0.05675393730255534;-0.05291961950901981;-0.04824331469536334;-0.04260138464949829;-0.04982841525252567;-0.04220021378645138;-0.03611691889288562;-0.03489744080735407;-0.034732152242822355;-0.02339613151540148;-0.01727452045077173;-0.027961678319694278;-0.026808296688208548;-0.019726237670606758;-0.014658681134144503;0.30460444890291094;0.3469705859967243;0.38536094260671516;0.4088727075796499;0.42341087215794954;0.33746426477757485;0.39403358634556274;0.4303654898982027;0.4539796135257022;0.316459418855243;0.37139167955831726;0.40959066655517695;0.42852038004932985;0.3068878080538635;0.3544958264566373;0.3878858221445744;0.40298623050871607;0.3065587315068075;0.3416645567027689;0.36826967167984664;0.3813277565945766;0.3683373062795571;0.37317021830208225;0.42873183230786316;0.49292868061880574;0.5392446100229422;0.4461563207558251;0.5244695009361798;0.5527715577472185;0.573500716311376;0.49086379131299795;0.588755365472657;0.5939064496274243;0.5787418001293443;0.52405712799772;0.6198596887171796;0.6158282928797014;0.5959826531674935;0.5444853892178272;0.6216689617339936;0.6230912060753051;0.6049494525527565;-2.4922343821421716e-07;-0.02315440553532274;-0.03595837622573904;-0.04196817142372995;-0.04624736535585075;-0.06630869007527354;-0.08568461946409268;-0.08876095420228505;-0.08797292549986703;-0.05815737006195637;-0.08007636106593341;-0.07641578779168154;-0.07017410711004504;-0.04872743463990301;-0.06668881311581826;-0.06004864727030071;-0.050991799474742576;-0.04011960209549249;-0.05100968496740619;-0.04756796724928753;-0.04232961816406206;0.9842560933204634;0.9914676087978653
1764173041.507925;0.6579958045634731;0.6061519723860326;0.5624800618991285;0.5312205592300981;0.5036314182797358;0.5921400634675636;0.5384961508345981;0.509913346716311;0.49226580974258755;0.6171250288346906;0.5522177703161814;0.5295680400916254;0.5235075100996645;0.6332239158454598;0.5731544870764311;0.5523620192770183;0.5470575162119786;0.6420708800694234;0.5945426141671691;0.5752243017507619;0.5696550268312192;0.32163603816589026;0.3335366919980746;0.3932884024388634;0.4605147723860889;0.5012490352024919;0.4325256276618752;0.5313537762235607;0.5432423945905086;0.5393875398111305;0.4766823610508297;0.5649091120776741;0.5483268330724776;0.5261620394127989;0.5090631203398126;0.5846818319367622;0.5625712784183117;0.5374747945993557;0.5292031727686959;0.5778002031715332;0.5650488766721989;0.5509053414708994;2.582571848156841e-07;-0.011492203192248673;-0.021579131281071407;-0.026501123734049104;-0.029256118730275383;-0.04874394722199789;-0.05862187036325977;-0.05537741859364688;-0.05096584287075614;-0.04384549435448412;-0.0515415330508218;-0.044440943389052766;-0.03897391937867718;-0.03630304053143641;-0.03587450305164447;-0.024591338703123734;-0.018797990235377395;-0.02954983450058246;-0.027966384353133145;-0.020752893077814055;-0.015720047719833197;0.3053338741595095;0.34796275585142417;0.3857372129416788;0.40883546506723645;0.4239476041993043;0.3378353206158558;0.3936995620484658;0.4300971127174874;0.45388610721958983;0.31714010795573183;0.3728747688949601;0.4106620471443001;0.42937612967519945;0.30781081681026434;0.3560802324452742;0.38909964696475713;0.40434077074997965;0.30755676849204266;0.3429711795807026;0.3693048218989524;0.38248702299326637;0.36862984272757726;0.37288180781467206;0.42805531698105515;0.49251316654284005;0.5390063398061529;0.4469787413037694;0.5256580859197417;0.5537579401709832;0.5741774080160184;0.49189099285622984;0.5873633963948646;0.5920336457305172;0.576878383954829;0.5247279751815047;0.6188201936337563;0.6151760335717472;0.5953697825358595;0.5447500017699065;0.6196514952054785;0.6211471127699199;0.60298235298579;-2.5906114214368374e-07;-0.023678273944245477;-0.036589980118055324;-0.04263886858557842;-0.046989163306781184;-0.06615924779173264;-0.08516480824672652;-0.08826394436329599;-0.087701897554732;-0.057679929446375705;-0.07900134446928635;-0.0755233158861966;-0.06982093994741391;-0.04797592141172315;-0.06556942623292099;-0.059333057765708436;-0.0509573122184144;-0.039153608569962285;-0.05024489235660694;-0.047402490531641764;-0.04280205891889818;0.9843421825330477;0.9923095237536046
1764173041.541258;0.6583813846432715;0.6074096841305419;0.5645492108565667;0.5321280478531002;0.5023277026506218;0.5937628183769428;0.5413858800155882;0.5136603476798232;0.4973358780450616;0.6194484092618021;0.5564096514523553;0.535348574101914;0.5308890868590294;0.6360951398916597;0.5774701076069176;0.5581513377484937;0.5545133923822878;0.6454290540887982;0.5986152776158093;0.5802739526547861;0.5760003957199891;0.3206248889170024;0.33351462128833564;0.3926516684387191;0.45807178584288766;0.49547636936038636;0.4346887763298351;0.5315491458274592;0.5464978441964146;0.5443517165134492;0.47720205853917697;0.5693399863324833;0.5513597828338133;0.5277291793207419;0.5072856314293035;0.5845150666101065;0.5616449858693225;0.5364629880098348;0.5254226075940736;0.5754039973700485;0.5609679267477001;0.5456852799876184;2.7200443050441535e-07;-0.011798685149985385;-0.022249673505136677;-0.027523623313526466;-0.030646840488460413;-0.04783804841715553;-0.05701018442275981;-0.052866295207935905;-0.04770119796576786;-0.04280998615327492;-0.05039863929347308;-0.04231426343162889;-0.03564682773603379;-0.03525671359897546;-0.035392044906128364;-0.023423690717599577;-0.016626084184183;-0.02841555526692726;-0.02707042035558527;-0.019300845671443637;-0.013644546648294946;0.30542141002047324;0.3476433082231901;0.385955928097756;0.4097550447740035;0.4259378623210737;0.3386411704334041;0.3947117371471294;0.4310701959678996;0.45474412598010405;0.3179178315619521;0.3735173691622688;0.41138922523972393;0.43026550159196736;0.3087487024576903;0.35729573495337846;0.39026235306838214;0.4055387043357105;0.30863997621789857;0.3445586372900299;0.3707229645967446;0.3838182074930754;0.36954660383738763;0.37343564717711003;0.42749580058587744;0.49028238150762515;0.5359845050773392;0.44638867848856945;0.5241885112972691;0.5516888708911974;0.5716170064921707;0.4913746517889936;0.5866320551420984;0.591148865238474;0.5760215503993956;0.5243579720827677;0.6181537299095278;0.6138946575644493;0.5938501504282119;0.5445143152738496;0.6185651501720558;0.6196132582013033;0.6015045118068718;-2.550903519985788e-07;-0.02394943504762733;-0.03721835667943175;-0.04356156443553571;-0.04821174841121356;-0.06658882487526371;-0.08596421164420325;-0.08932659774473686;-0.0888612198480529;-0.05801488558268836;-0.07974094978857148;-0.07643830914809238;-0.07074895054578477;-0.04822662465534727;-0.06632020634296741;-0.06022412905740826;-0.051792761038898315;-0.03928251207212664;-0.05075089649339631;-0.0479286344400606;-0.04322618057316051;0.9851097571982825;0.992913161648847
1764173041.574591;0.6587669647230697;0.6086673958750511;0.5666183598140049;0.5330355364761024;0.5010239870215076;0.5953855732863218;0.5442756091965781;0.5174073486433353;0.5024059463475357;0.6217717896889136;0.5606015325885294;0.5411291081122026;0.5382706636183944;0.6389663639378595;0.5817857281374041;0.563940656219969;0.561969268552597;0.6487872281081732;0.6026879410644495;0.5853236035588103;0.582345764608759;0.3196137396681145;0.3334925505785967;0.3920149344385748;0.4556287992996864;0.48970370351828085;0.436851924997795;0.5317445154313576;0.5497532938023205;0.5493158932157678;0.47772175602752426;0.5737708605872924;0.5543927325951489;0.529296319228685;0.5055081425187944;0.5843483012834509;0.5607186933203335;0.5354511814203139;0.5216420424194511;0.5730077915685637;0.5568869768232013;0.5404652185043374;2.857516761931466e-07;-0.012105167107722099;-0.022920215729201946;-0.028546122893003827;-0.032037562246645446;-0.046932149612313186;-0.05539849848225986;-0.05035517182222493;-0.044436553060779586;-0.04177447795206573;-0.04925574553612437;-0.04018758347420501;-0.03231973609339039;-0.034210386666514506;-0.03490958676061227;-0.022256042732075425;-0.014454178132988606;-0.027281276033272055;-0.0261744563580374;-0.01784879826507322;-0.011569045576756695;0.3055089458814369;0.3473238605949561;0.38617464325383316;0.4106746244807705;0.4279281204428431;0.3394470202509523;0.3957239122457931;0.43204327921831176;0.4556021447406182;0.3186955551681724;0.37415996942957747;0.4121164033351477;0.4311548735087352;0.3096865881051163;0.3585112374614827;0.3914250591720071;0.4067366379214413;0.30972318394375453;0.34614609499935717;0.37214110729453675;0.3851493919928844;0.37046336494719795;0.37398948653954805;0.4269362841906997;0.48805159647241025;0.5329626703485255;0.4457986156733695;0.5227189366747965;0.5496198016114118;0.5690566049683231;0.4908583107217573;0.5859007138893322;0.5902640847464307;0.5751647168439622;0.5239879689840305;0.6174872661852991;0.6126132815571512;0.5923305183205643;0.5442786287777928;0.6174788051386332;0.6180794036326868;0.6000266706279537;-2.511195618534738e-07;-0.02422059615100919;-0.037846733240808166;-0.04448426028549299;-0.04943433351564594;-0.0670184019587948;-0.08676361504167997;-0.09038925112617775;-0.09002054214137378;-0.058349841719001004;-0.08048055510785661;-0.07735330240998815;-0.07167696114415562;-0.04847732789897139;-0.06707098645301383;-0.06111520034910808;-0.05262820985938223;-0.03941141557429099;-0.05125690063018567;-0.04845477834847943;-0.04365030222742284;0.9858773318635173;0.9935167995440894
1764173041.607924;0.6591414640707678;0.6098394367340129;0.5685301650192951;0.5338196062479782;0.499820759366974;0.5968657315630668;0.5468092835036423;0.520877706422202;0.5073030348636597;0.6238862250316857;0.5643581579812634;0.5464766997437439;0.5452722294063306;0.6415906909033499;0.5856812046223836;0.5693453028509132;0.5690757246038659;0.6518611028795784;0.6063786259351319;0.5900610267159274;0.5884293278827114;0.3186018744103627;0.33344544214160543;0.3912508305532333;0.453096539692438;0.4842007660773312;0.43865742527430623;0.5317867978932566;0.5522582204990748;0.5530417648070174;0.47800020846411745;0.5775059777995599;0.5566644638509125;0.5301382232745466;0.5036981019056784;0.5838510054972231;0.5593547752048815;0.5339585212914137;0.5180490885980679;0.5705078498819821;0.5527258999351159;0.5352531165339688;2.9598347480159766e-07;-0.012346038430236775;-0.023496222138532256;-0.029469293543692484;-0.03330476020131861;-0.04600669508148803;-0.05386740373549243;-0.04802976092944068;-0.041422513238900324;-0.040762493930158177;-0.04815537720801602;-0.03820432135527126;-0.0292522503379104;-0.03323058838525917;-0.03443081219366144;-0.021130409646759645;-0.012403240002781825;-0.026265705053572144;-0.025350895562023152;-0.016498407703778997;-0.009642817963575074;0.3056762932052812;0.34708219104544785;0.3864235956500959;0.4115772026816423;0.429814326957145;0.34032196533403475;0.3968154114230923;0.43308966886673017;0.45654607312774814;0.31957515283706667;0.3749549362450945;0.41297113412622055;0.43214122698182506;0.3107202771678184;0.35981074966054577;0.39264921126601837;0.4079784634249297;0.3108852553889441;0.3477699793004262;0.3735905509186807;0.38651052803591784;0.37141598459604663;0.3745319312318653;0.4262587327182995;0.48572306363577106;0.5299091693791456;0.44526113277424967;0.5212310087121127;0.5475191285505218;0.5664643737548151;0.49040389547954755;0.5851021180159985;0.5892661595429688;0.5741687625714774;0.5236715369466414;0.6168251312229187;0.611357724736749;0.5908463427720975;0.5440732308155405;0.6164577277164703;0.6166263395891124;0.5986256531570658;-2.4750680984738837e-07;-0.02440061444926927;-0.03834707245139708;-0.04526467851763014;-0.050504650905969235;-0.06734822359829902;-0.08744181550232674;-0.09132512651781387;-0.09104859021367614;-0.0586224543389527;-0.08111395312034825;-0.07814894598234338;-0.07248599788886363;-0.04869842324035652;-0.06774454094467733;-0.06191558291658875;-0.053373336879145375;-0.039538670170256314;-0.05169914965750246;-0.04888709357356742;-0.04396910840970346;0.9865430417677353;0.994145589798701
1764173041.6412573;0.659338223663964;0.6096372661518004;0.5679180819580406;0.5326239580416556;0.5002294193022622;0.5960585522867212;0.5436316100613148;0.5199105422372717;0.5094254452035901;0.6226490524948373;0.5611330081204919;0.5448796363152052;0.5461782093339754;0.640254637552402;0.5828373090395673;0.5685795877829932;0.5705772940966153;0.6503746440746747;0.60394213774385;0.5897901365732067;0.5903133941768197;0.3175785161024621;0.3329967108265459;0.38844361947187805;0.44913225875237717;0.48302441706516713;0.43472601108234493;0.5293734567105447;0.5427242582591891;0.5369043918971248;0.47440892503358667;0.570080698020063;0.5467257395919004;0.5193468473907512;0.5013658954971624;0.5780517679985527;0.5509710289042807;0.524752625311522;0.5174655234529998;0.5663438934268663;0.5472794990017146;0.530168650643664;2.4982514181045776e-07;-0.011534471493121671;-0.022555812914454923;-0.028799166352343405;-0.03259056037917663;-0.04476754603059621;-0.05362903589133897;-0.048683289410964475;-0.04242832967152897;-0.04012784629317908;-0.04773713781809885;-0.038521565637232434;-0.030348999568248936;-0.03331794830191137;-0.034011121105533636;-0.02067871606572238;-0.012292695501246885;-0.027154289027292475;-0.025688726026849823;-0.016778653095796837;-0.010111025394598346;0.307123873052067;0.34808813398499566;0.38715757626946967;0.41220707186420064;0.4300314879830029;0.3423052531341436;0.39917933223945445;0.4353119520354132;0.4588680587792332;0.32208888790673273;0.37819397431100804;0.4158719052158092;0.43468323947927673;0.31329072741865627;0.36245784556876587;0.3948590090785636;0.4099243552787253;0.3133123645325977;0.34997818387731655;0.37554209424989343;0.3883521180662474;0.37294380740587557;0.374891601675855;0.4236878115110102;0.4818265703636656;0.526347696489955;0.44556706408102653;0.5194486690115127;0.5449114927807213;0.5633615523272143;0.4909428099448804;0.5832247052343104;0.5864533070045466;0.5709412078266987;0.5242144194705861;0.616232427518623;0.6105163159446997;0.5899309036340239;0.5443536803721901;0.6164835802195487;0.6164692004599363;0.5984569305032547;-2.496372102513821e-07;-0.023118640301163312;-0.03679360756584043;-0.04376287104156752;-0.049132496738949434;-0.06607790123846273;-0.08617584197440363;-0.09022740218216303;-0.08997091659843602;-0.05789503579630502;-0.08004371710991817;-0.07703014384040364;-0.07138661769037026;-0.04844458898593121;-0.06717934811138995;-0.06126126157486882;-0.05266964527282584;-0.03963947614410548;-0.051118725892168926;-0.04781433494001721;-0.04259858380210734;0.9855747753443017;0.9951778461774285
1764173041.67459;0.6595349817460425;0.6094350971222618;0.5673060035975961;0.5314283190179349;0.500638076099034;0.5952513792095283;0.5404539610235816;0.5189433854801814;0.5115478392433674;0.6214118894594983;0.5579078830289348;0.5432825851521449;0.5470841823036767;0.63891859446237;0.5799934352979249;0.56781387859578;0.5720788520572815;0.648888196685804;0.6015056682648452;0.5895192485109276;0.5921974460012618;0.3165551656539735;0.3325479829577517;0.3856364299499591;0.44516800825807185;0.48184807708738664;0.4307946270837219;0.5269601340623405;0.5331903692403208;0.5207671429225735;0.4708176691841833;0.5626554752668609;0.5367870916624861;0.5085555543849348;0.4990337070000374;0.5722525750381404;0.5425873469910163;0.5155468000330923;0.5168819627897235;0.5621799689510178;0.5418331398967795;0.5250842238021572;2.0366716331622273e-07;-0.010722910788856599;-0.021615410912738924;-0.02812904430758433;-0.03187636604210334;-0.04352840649639347;-0.05339066987785525;-0.04933681287337669;-0.04343413837946765;-0.03949320353030631;-0.047318901640268425;-0.03883880748275127;-0.03144574037553182;-0.0334053075476377;-0.033591433240641635;-0.020227025953700694;-0.01218215184869589;-0.02804286617667042;-0.026026553897131887;-0.017058896335524557;-0.010579229229779344;0.30857144178141116;0.34909406919888186;0.38789155125185787;0.4128369362093513;0.4302486473410599;0.34428852570256324;0.40154323490085825;0.43753421813691773;0.4611900265978228;0.324602603670864;0.38143298750104554;0.41877265402741887;0.4372252324540225;0.31586115792838565;0.3651049211472373;0.3970687899198181;0.4118702321880332;0.31573945503600537;0.3521863714951523;0.377493622593215;0.39019369395312936;0.3744716184819953;0.3752512693575687;0.42111691004844637;0.477930107016705;0.5227862509529465;0.445872993038245;0.5176663429993166;0.5423038770376147;0.560258754729343;0.49148172027133946;0.5813473068711893;0.583640476068887;0.5677136778696038;0.5247572978251825;0.6156397283663033;0.6096749136146865;0.5890154715265409;0.5446341277749818;0.6165094325240793;0.6163120625375917;0.5982882091452367;-2.517675942938589e-07;-0.02183667599864402;-0.03524015461092465;-0.04226107509941584;-0.047760353110100615;-0.06480758863472713;-0.08490987816918211;-0.08912968627705667;-0.08889325125975046;-0.05716762284024605;-0.07897348931892169;-0.07591135029088636;-0.07028724593513842;-0.048190756680957965;-0.06661415961879463;-0.06060694525834964;-0.05196595907087168;-0.03974028134376278;-0.05053830658450133;-0.046741584545274384;-0.041228069720167154;0.9846065163571732;0.9962100946284068
1764173041.7079232;0.6596595554537313;0.6092380999849077;0.5667456388473511;0.5303425137354817;0.5009256977809855;0.5944756128358938;0.5377167166438522;0.5181016127770287;0.5132510940337283;0.6202582768899632;0.5551549024270243;0.5418916703438228;0.5477476861357402;0.6376924960013982;0.5775739735826335;0.5671368411601418;0.5732592372236059;0.6475547193827202;0.599443256897026;0.5892867445493535;0.5937518910616918;0.315615202351984;0.3321265058342229;0.38312360415730773;0.44150767389657974;0.4804190988564873;0.42728793902861445;0.5247684421665145;0.5252139024211587;0.507602692936485;0.4676026517185929;0.5560768108983423;0.5282074535981419;0.4993225479238398;0.49689300074731335;0.5670636548037206;0.5353269551839113;0.5076581648047286;0.5162509287110814;0.5583887623239051;0.53703488654394;0.5206527107639715;1.652763462453374e-07;-0.010030126884032741;-0.020809873279611;-0.027549164522865342;-0.031273510204433044;-0.0424817768138882;-0.05318138943035882;-0.04993182920162546;-0.044382208475370964;-0.03895257639104202;-0.04691239395919902;-0.039069303146866026;-0.03237255723673343;-0.033467958129761465;-0.03317738585140811;-0.019811045368196816;-0.012093644297452499;-0.028780305516868592;-0.02625866916958413;-0.017257227322454077;-0.010963633532805413;0.3099013680182958;0.35000491323235144;0.38856053585733874;0.4134276922545523;0.4304788754514099;0.34609858595856346;0.4037301291339087;0.4396109320006029;0.4633496660524922;0.3268951982430042;0.38442044399892566;0.42145714776604043;0.43956633368889025;0.31821075599983656;0.36755298971236855;0.39912530593278184;0.41366250683307476;0.317966069741821;0.35423659020239806;0.3793282272277546;0.3919134459697926;0.3759481174640232;0.3755753925451482;0.41879041118682;0.47439073059823755;0.5195176855224073;0.4461214788050791;0.5160419241270358;0.5399487707664561;0.557467598152602;0.4919611142492755;0.5796931278511092;0.581110287385459;0.5647779262511567;0.525268705606788;0.6151323944499363;0.6088856811370215;0.5881197481110794;0.5449257967432671;0.6165966912368651;0.6161821175600863;0.5980855007283091;-2.531876929177488e-07;-0.020700275967896215;-0.033855091874886285;-0.04090811729031604;-0.046505495272209374;-0.06373895265480466;-0.08383530311320864;-0.08816928676561454;-0.0879245208480567;-0.056576572656219265;-0.07809590386451855;-0.07495911387473957;-0.06931670738300422;-0.04801239909892526;-0.06616364235844974;-0.06004504800625748;-0.05132747727612225;-0.0398696958631685;-0.050060026904142865;-0.0458124973049105;-0.04001847449775067;0.9837704963754786;0.997125509611833
1764173041.7412562;0.6590019447660463;0.6090971450782355;0.5667456388473511;0.5304468585268;0.49990179215657715;0.594040167115324;0.5397516636705393;0.518618492154023;0.5104125877690994;0.6200100108186196;0.5575180436352047;0.5427344334105026;0.5457838128183395;0.6376577491858891;0.5797534083324988;0.5674206440861287;0.5709594183973569;0.6478788143045546;0.6014341107961817;0.5894701677860922;0.5917347422751239;0.31557881583261144;0.33200031571552224;0.3838004813653898;0.4411405516547253;0.47625255171355496;0.4283832239434839;0.5249783242610518;0.5341135442046853;0.5266512668771937;0.4684645247884828;0.5586713888536666;0.5343539431563379;0.5069750160423344;0.4968271815435897;0.5684876034516443;0.5402384496048621;0.5140425008615351;0.515105476311186;0.5586362979817094;0.5392594578692499;0.5232961220816327;2.1104990010726027e-07;-0.010624399351737715;-0.021465715695743178;-0.027947143010152473;-0.03187710988533696;-0.04352116925495801;-0.053287277965598616;-0.049892866670217244;-0.044704627358994865;-0.03943069540466127;-0.04663297537774738;-0.038359823781396574;-0.03145809113124439;-0.033262867510775514;-0.03282445822777259;-0.019782010498362583;-0.012243918265386827;-0.02788002704222412;-0.025345290765379603;-0.01656796336282765;-0.010439992473586204;0.30995652914690625;0.34988535646109886;0.3885252896774713;0.41359467373345893;0.4308507155684718;0.34603173076012594;0.40399897348874014;0.4401104528762415;0.4637503276915561;0.3267917403824122;0.38468205129715927;0.42179831796765416;0.4397305872968239;0.3181674305518414;0.36784463340410306;0.3995210559134544;0.41379035901523714;0.31802034393970524;0.35457506979903564;0.3798958554393264;0.3923131237865384;0.3768686024938364;0.3755143582954264;0.41911224033604294;0.4747207210007815;0.5194227466687065;0.4457475145261939;0.5161285750230262;0.5403298379443503;0.5580533599982652;0.4917955935974473;0.5804577366690917;0.5816427886683535;0.5650038625371582;0.5254391006510106;0.6155500717431844;0.6086617572148525;0.587437586584637;0.5453390617424825;0.6173493451230424;0.6163468332663816;0.5975145111238169;-2.4691119272261626e-07;-0.02114119932418523;-0.03429469275411035;-0.041167958180296595;-0.046521537352224626;-0.0648556692444909;-0.08483460199986435;-0.08869683726082098;-0.08813620102694437;-0.05746313910730463;-0.07930577612995401;-0.07581167789860402;-0.0697421956292025;-0.048651879879118766;-0.06695569385654895;-0.06048459671308586;-0.0513955454827588;-0.04030911879725737;-0.05068852446340022;-0.046440133087989555;-0.040552583808411376;0.984367408207414;0.9967749260194025
1764173041.7745893;0.6583443340783612;0.6089561901715633;0.5667456388473511;0.5305512033181182;0.4988778865321688;0.5936047213947542;0.5417866106972263;0.5191353715310173;0.5075740815044705;0.619761744747276;0.5598811848433851;0.5435771964771825;0.543819939500939;0.6376230023703802;0.5819328430823641;0.5677044470121155;0.5686595995711079;0.6482029092263891;0.6034249646953375;0.5896535910228309;0.5897175934885559;0.3155424293132389;0.3318741255968216;0.3844773585734719;0.44077342941287084;0.47208600457062266;0.4294785088583533;0.525188206355589;0.5430131859882117;0.5456998408179023;0.4693263978583727;0.5612659668089909;0.5405004327145339;0.5146274841608289;0.496761362339866;0.569911552099568;0.5451499440258128;0.5204268369183416;0.5139600239112906;0.5588838336395138;0.5414840291945597;0.5259395333992939;2.568234539691831e-07;-0.011218671819442689;-0.02212155811187536;-0.028345121497439604;-0.03248070956624087;-0.04456056169602783;-0.05339316650083842;-0.049853904138809024;-0.04502704624261877;-0.03990881441828053;-0.04635355679629574;-0.037650344415927114;-0.030543625025755347;-0.03305777689178957;-0.032471530604137086;-0.019752975628528353;-0.012394192233321156;-0.026979748567579655;-0.024431912361175073;-0.015878699403201225;-0.009916351414366996;0.3100116902755167;0.34976579968984634;0.3884900434976039;0.41376165521236563;0.43122255568553375;0.3459648755616885;0.4042678178435716;0.44060997375188005;0.46415098933062005;0.32668828252182014;0.38494365859539287;0.42213948816926794;0.43989484090475756;0.31812410510384614;0.3681362770958375;0.3999168058941269;0.41391821119739947;0.31807461813758947;0.35491354939567327;0.38046348365089827;0.3927128016032841;0.37778908752364965;0.3754533240457046;0.4194340694852659;0.47505071140332544;0.5193278078150056;0.4453735502473087;0.5162152259190166;0.5407109051222445;0.5586391218439283;0.491630072945619;0.5812223454870742;0.582175289951248;0.5652297988231597;0.5256094956952334;0.6159677490364326;0.6084378332926835;0.5867554250581946;0.5457523267416977;0.6181019990092196;0.6165115489726768;0.5969435215193247;-2.406346925274837e-07;-0.02158212268047425;-0.03473429363333442;-0.04142779907027714;-0.04653757943223988;-0.06597238583417717;-0.08583390088652006;-0.08922438775602741;-0.08834788120583205;-0.05834970555838999;-0.08051564839538947;-0.07666424192246846;-0.07016768387540077;-0.04929136065931228;-0.06774774535464817;-0.06092414541991425;-0.05146361368939534;-0.04074854173134625;-0.051317022022657574;-0.04706776887106861;-0.04108669311907207;0.9849643200393494;0.996424342426972
1764173041.8079221;0.6576867233906761;0.6088152352648912;0.5667456388473511;0.5306555481094364;0.4978539809077604;0.5931692756741844;0.5438215577239134;0.5196522509080116;0.5047355752398417;0.6195134786759323;0.5622443260515656;0.5444199595438625;0.5418560661835383;0.6375882555548712;0.5841122778322294;0.5679882499381024;0.5663597807448588;0.6485270041482235;0.6054158185944932;0.5898370142595696;0.587700444701988;0.31550604279386635;0.331747935478121;0.38515423578155394;0.44040630717101636;0.4679194574276903;0.43057379377322275;0.5253980884501264;0.5519128277717382;0.5647484147586112;0.4701882709282626;0.5638605447643152;0.5466469222727298;0.5222799522793236;0.49669554313614234;0.5713355007474917;0.5500614384467637;0.5268111729751481;0.5128145715113952;0.5591313692973182;0.5437086005198696;0.5285829447169551;3.02597007831106e-07;-0.011812944287147662;-0.022777400528007537;-0.028743099984726732;-0.033084309247144776;-0.045599954137097644;-0.053499055036078214;-0.0498149416074008;-0.045349465126242675;-0.04038693343189979;-0.0460741382148441;-0.036940865050457655;-0.029629158920266307;-0.032852686272803626;-0.03211860298050157;-0.01972394075869412;-0.012544466201255483;-0.026079470092935184;-0.023518533956970546;-0.015189435443574801;-0.009392710355147788;0.31006685140412715;0.34964624291859375;0.38845479731773647;0.41392863669127233;0.4315943958025957;0.345898020363251;0.404536662198403;0.44110949462751864;0.4645516509696839;0.3265848246612281;0.38520526589362647;0.42248065837088167;0.44005909451269126;0.31808077965585096;0.368427920787572;0.40031255587479947;0.41404606337956185;0.3181288923354737;0.3552520289923109;0.3810311118624701;0.39311247942002986;0.3787095725534629;0.3753922897959828;0.41975589863448887;0.4753807018058694;0.5192328689613048;0.4449995859684235;0.516301876815007;0.5410919723001387;0.5592248836895913;0.49146455229379077;0.5819869543050568;0.5827077912341425;0.5654557351091613;0.5257798907394561;0.6163854263296807;0.6082139093705146;0.5860732635317522;0.546165591740913;0.6188546528953969;0.6166762646789721;0.5963725319148325;-2.3435819233235116e-07;-0.022023046036763264;-0.035173894512558486;-0.04168763996025769;-0.04655362151225513;-0.06708910242386343;-0.08683319977317576;-0.08975193825123384;-0.08855956138471972;-0.05923627200947535;-0.08172552066082493;-0.0775168059463329;-0.07059317212159905;-0.04993084143950578;-0.0685397968527474;-0.061363694126742634;-0.051531681896031876;-0.04118796466543512;-0.05194551958191493;-0.04769540465414766;-0.041620802429732776;0.9855612318712847;0.9960737588345414
1764173041.8412552;0.6570056304341184;0.6085722398891704;0.5666973847985275;0.5307394892387515;0.4970239785054688;0.5927416680017161;0.5453322510686344;0.5198530543352281;0.5020939241881858;0.6192141449821451;0.564016458218943;0.5449964122498555;0.540151456029304;0.6374506967248735;0.5857103417698456;0.5681153755499893;0.5644298021883347;0.648683387875067;0.606902571175449;0.5899273589844632;0.5860611160460056;0.31535408240378177;0.33157188793512893;0.38561525843797584;0.43998852380865533;0.4642989543155339;0.43124935863048824;0.5251901186422199;0.5585669641713434;0.5795825011468876;0.47068728930074655;0.5655093777095143;0.551115178248636;0.5280454144804696;0.496510242550502;0.5721020910099651;0.5536186973764716;0.5316103321680931;0.5118111682884897;0.5590948245457958;0.5452291136672515;0.5304588419562086;3.4009196505460393e-07;-0.012284970535611105;-0.02329336817931559;-0.02904910937912603;-0.03356221218563467;-0.046453222824497396;-0.05362229393165211;-0.04985289517880604;-0.045711145132888334;-0.04079044725742218;-0.045892952664831774;-0.036421278806117806;-0.028950970399705147;-0.03270801429724838;-0.03186098300552567;-0.019721348183422614;-0.012681038999194308;-0.025380165348223356;-0.022808753511888148;-0.014659151964813282;-0.008992567108624951;0.31018969357236814;0.3496003323295451;0.3884751146872323;0.41413202576234204;0.43193457310804517;0.34585539932956555;0.4048081698125993;0.4415873004613606;0.46494397959523004;0.32654165095978405;0.38550742120794235;0.422849639605581;0.44024636669916595;0.3181036291030984;0.3687450031322191;0.40072972358223696;0.41423061416838236;0.3182413611244866;0.3555733384931538;0.381561567930115;0.39350362436818237;0.3793498762431137;0.375220152375222;0.42000102377618437;0.4756819960369845;0.5191705526707833;0.4444784529172424;0.5161785913083795;0.5412268643266948;0.5595458212973654;0.49114485987820955;0.5825094867351309;0.5830340472660775;0.5654659771048851;0.5257633743219029;0.6166128417400254;0.6079239520719795;0.5853861287324541;0.5463484132510219;0.6193646400137554;0.6167438530404348;0.5958439753010234;-2.285486963289133e-07;-0.022423043273316196;-0.03558007673314589;-0.04193197014840672;-0.04657572602840768;-0.06816491776679892;-0.0878302809343106;-0.09032528128610268;-0.08884229142776336;-0.06010550950127359;-0.08292079415783205;-0.07837359746778709;-0.0710373970909708;-0.05057549292860679;-0.06934075550460206;-0.06181668163240702;-0.05161354162552334;-0.041651485747255745;-0.0525790794831711;-0.04831141695682202;-0.042131300675569194;0.9859841218758868;0.9957863369572729
1764173041.8745883;0.6560746331420787;0.6072433036383098;0.5661355987707041;0.5306062893574617;0.4982575439864034;0.5923974748499181;0.5412637021039266;0.5166900963380523;0.5015472568645049;0.6183713365363803;0.5594989204056776;0.5427387217101374;0.5412059910350789;0.636218986035032;0.5811213082301432;0.5665751009512078;0.5664357587555116;0.6470549459973488;0.6030245480772105;0.5890271382841658;0.5884426462421949;0.3139721552027382;0.33086524487966906;0.38377910152516986;0.4390315917923198;0.466489592000503;0.4274581548525431;0.5205352615860509;0.5413238556397556;0.5495649287410699;0.46732471480401155;0.5570933493939716;0.5377232414791135;0.5137288751347109;0.495053390416233;0.5658729045278521;0.5427638344468985;0.519539632109661;0.5123194888846878;0.5560350231276695;0.539256858886208;0.5241666572789455;2.8948397094626537e-07;-0.011456021126636727;-0.022320752664166017;-0.028376360069770977;-0.03270241811300651;-0.045325714729612464;-0.053930179817394557;-0.05070940966805523;-0.04649065209280822;-0.04039999351294708;-0.04675718826118938;-0.037922583920523396;-0.030787308612948597;-0.03320633304031371;-0.032617651502153226;-0.020000161297147795;-0.012671800427643235;-0.02681967464658852;-0.024265714830807306;-0.01582077958887576;-0.009906719298489845;0.31103281474453814;0.35033818332351313;0.38908675361751704;0.4147228737785135;0.43193778664145066;0.34607068450039374;0.40510802051686945;0.44183400924407984;0.4652476261510395;0.3271400367606885;0.3862410989219509;0.4235145929961229;0.44067860850953994;0.318830728778928;0.36933281015369146;0.40137482423788134;0.4150185660892021;0.31897315169639456;0.3557119194253474;0.3816964284964533;0.39380396033756404;0.3770084181614705;0.3738656264774781;0.419429845172535;0.47567789824270906;0.5194554140749406;0.4423911119990217;0.5138211086943856;0.5387418971760584;0.5570484313598729;0.4891844319621666;0.5804557800809762;0.581165388374466;0.5631807450741685;0.5237576981301238;0.6148154413341297;0.6069312506250871;0.5846460670863112;0.5440787959732285;0.6172921050732719;0.6157777872563327;0.5957670014706602;-2.2770917885802857e-07;-0.022387494233997503;-0.03563060900676344;-0.042011231464587545;-0.04666234854673916;-0.06880545153856;-0.08880376049095047;-0.09138596028737336;-0.08988115237043466;-0.06079032775834084;-0.08396070381232779;-0.07927537910419334;-0.07168102307985948;-0.051275172429715715;-0.0702365063740385;-0.062412688286306146;-0.05184217428283683;-0.04237146550553173;-0.05326651412796487;-0.048803729196173117;-0.04239052390633223;0.9845550269059993;0.9961710982723977
1764173041.907921;0.655143635850039;0.6059143673874491;0.5655738127428808;0.5304730894761719;0.499491109467338;0.5920532816981202;0.5371951531392187;0.5135271383408766;0.501000589540824;0.6175285280906155;0.5549813825924124;0.5404810311704193;0.5422605260408537;0.6349872753451905;0.5765322746904407;0.5650348263524263;0.5684417153226884;0.6454265041196307;0.5991465249789719;0.5881269175838684;0.5908241764383843;0.31259022800169467;0.3301586018242092;0.38194294461236394;0.43807465977598425;0.468680229685472;0.42366695107459795;0.515880404529882;0.5240807471081678;0.5195473563352522;0.46396214030727656;0.5486773210784288;0.524331304709591;0.4994123357889521;0.493596538281964;0.5596437180457391;0.5319089715173253;0.5074689320512291;0.5128278094808859;0.5529752217095432;0.5332846041051645;0.5178744726016823;2.3887597683792675e-07;-0.01062707171766235;-0.02134813714901644;-0.027703610760415925;-0.031842624040378346;-0.04419820663472754;-0.054238065703136995;-0.051565924157304426;-0.047270159052728106;-0.04000953976847198;-0.04762142385754698;-0.03942388903492899;-0.03262364682619205;-0.03370465178337903;-0.03337431999878078;-0.020278974410872976;-0.012662561856092165;-0.028259183944953685;-0.02572267614972646;-0.01698240721293824;-0.010820871488354741;0.31187593591670815;0.35107603431748113;0.3896983925478018;0.415313721794685;0.43194100017485615;0.34628596967122194;0.4054078712211396;0.4420807180267991;0.465551272706849;0.3277384225615929;0.38697477663595947;0.4241795463866648;0.4411108503199139;0.31955782845475755;0.3699206171751638;0.4020199248935257;0.41580651801002183;0.3197049422683026;0.355850500357541;0.38183128906279157;0.3941042963069457;0.3746669600798273;0.37251110057973424;0.4188586665688856;0.4756738004484336;0.519740275479098;0.440303771080801;0.5114636260803916;0.5362569300254219;0.5545510414223803;0.48722400404612365;0.5784020734268215;0.5792967294828544;0.5608955130434519;0.5217520219383448;0.613018040928234;0.6059385491781947;0.5839060054401682;0.5418091786954351;0.6152195701327884;0.6148117214722306;0.5956900276402969;-2.2686966138714385e-07;-0.022351945194678806;-0.03568114128038098;-0.04209049278076836;-0.046748971065070644;-0.06944598531032108;-0.08977724004759036;-0.09244663928864405;-0.09092001331310597;-0.0614751460154081;-0.08500061346682353;-0.0801771607405996;-0.07232464906874814;-0.05197485193082464;-0.07113225724347494;-0.06300869494020526;-0.052070806940150316;-0.04309144526380772;-0.053953948772758636;-0.04929604143552421;-0.042649747137095274;0.9831259319361118;0.9965558595875225
1764173041.9412541;0.6536582258898637;0.6042995366441781;0.5641600822753595;0.5294767781650835;0.49907513474285287;0.5910019371438902;0.5352273935675399;0.5120884052426495;0.5006336096678777;0.616504197568153;0.5529037602573165;0.5390059544423227;0.5416298629075225;0.6338962651235243;0.5741992348709548;0.5635365905001074;0.5678784484335635;0.6442020696192664;0.5970308784629579;0.5869262430932441;0.5905644049671943;0.3127397176327648;0.3302639382808023;0.38124718537389674;0.4374607779571036;0.46863665992276404;0.4214354154681691;0.5136412992397645;0.5175077044445773;0.5082719379571556;0.46189203729588363;0.5451903381470957;0.5197310620856445;0.49487703967174457;0.49248494460597997;0.5576376834918341;0.5287752131658795;0.5041715745429082;0.5127760330145308;0.5529602026780651;0.532749724144728;0.517494190623901;2.2102860499870664e-07;-0.010276161522171062;-0.02099985064406432;-0.027517168438285503;-0.031659257229118595;-0.044099962627344724;-0.054812729295573744;-0.05239034045533581;-0.048091605597295;-0.04027794551028374;-0.04854677934393986;-0.04065741844154584;-0.034024077601500016;-0.03437442505233269;-0.03433060591226165;-0.02114205946447218;-0.013445178044213146;-0.029329720059867302;-0.02697710439537253;-0.018182965422472438;-0.011948947632513135;0.31194936419814906;0.3511934400322593;0.3898815979961977;0.4155704996493516;0.43183944945086333;0.3462657967461242;0.40533150354179276;0.44194238481156367;0.4654419268523539;0.3278939178427341;0.38718960458948504;0.4244054090619456;0.4413177255083222;0.31978118328267985;0.37021503167204073;0.4023493263996354;0.4162238266843548;0.3199633740606273;0.35597933553349426;0.38194922301993134;0.3942663481980165;0.37338764054269635;0.37176934725768107;0.41852803713321834;0.4756250509973008;0.5198261361995072;0.43912965370810864;0.5101595592154577;0.5349868137045193;0.5533352433585493;0.4861345112956538;0.5773079894277339;0.5784499655924176;0.5599871198572309;0.5206962303803206;0.612004484450372;0.6053131801779895;0.5834447501387114;0.5406777941896976;0.6139708210825467;0.6140485698909358;0.5954018183694768;-2.2829875488719783e-07;-0.022252566721628387;-0.03556942751862687;-0.04195014750280514;-0.04657106186274769;-0.06959383822007613;-0.0900746240284966;-0.09282651326456827;-0.09133440830700436;-0.06169074252641018;-0.0853355498734573;-0.08048969596084048;-0.07257206479468124;-0.05224296673961931;-0.0714649356566165;-0.06323386216854261;-0.052173129312339604;-0.0434123400523443;-0.05430938386236074;-0.04961013766210063;-0.04289458618686908;0.9822259160324978;0.9968181766665755
1764173041.9745872;0.6510067364323268;0.6020833926099805;0.5609544826801656;0.5266651105317615;0.49518973169508995;0.588463262304298;0.537678161169354;0.5142761825383243;0.5006445610080462;0.6150980771189424;0.5559579387953076;0.5391769258161802;0.5374547731909894;0.6331011859666371;0.5766111588203662;0.5621267734793959;0.5619114110883832;0.6438273716898565;0.59862198562931;0.5850936331780868;0.5847492631055058;0.31611019024722775;0.33207708683423426;0.38294999027963855;0.4375684233052757;0.4638939488032217;0.42248428303796737;0.5164831720134792;0.5333766905427223;0.5364163286927528;0.46254035070352767;0.5520704681885236;0.5336221254498986;0.510914338379753;0.49209952266566503;0.564514077426237;0.5418810219509789;0.5193269246637581;0.5115462212349275;0.5593491829039237;0.5436511111785176;0.5295482358620637;2.7208566508253886e-07;-0.010930696832916238;-0.02196469657680978;-0.02835356098234476;-0.03289859954099391;-0.04616653883203053;-0.05594849841825657;-0.05314724559275944;-0.049001262409403584;-0.04193211060204857;-0.04960068645757243;-0.041327743252218;-0.03450767736745651;-0.03540481347108183;-0.03570674113743248;-0.02323402612400929;-0.015893278542508566;-0.02962420597061448;-0.02780555091683546;-0.019465405162043647;-0.013526963598456341;0.31040392056210225;0.35000588184400994;0.3891636921823027;0.41512463777660874;0.43151755121385404;0.3457503918865354;0.404463847046587;0.4409942043377005;0.46446394647722006;0.3271178948084505;0.38631315144017286;0.4237077454363764;0.4410505938560362;0.3189450267162799;0.36989236249231194;0.4020147273755173;0.41586157256114714;0.3192262045626273;0.35608767275333764;0.38203155574881514;0.3941375513444649;0.3743422850747456;0.372316420072053;0.4187033475308428;0.47548238705868034;0.5194934447644258;0.43987629196412437;0.5110711100262665;0.5362718566112538;0.5548149789535854;0.4868768302956644;0.5782322509095323;0.5797525227363167;0.5619745904201855;0.5216383026157144;0.6126395633413324;0.6054604104696406;0.5835698998401673;0.5419404204542823;0.6144547161294487;0.6137122016521155;0.5946693239471985;-2.3449934964027555e-07;-0.022018937719539614;-0.035116466548342495;-0.04134791027749891;-0.045836771045094316;-0.06870545028443416;-0.08894999651069183;-0.09177447049799282;-0.09043538284441624;-0.0609194390453129;-0.08418773724175345;-0.07956288690870947;-0.07198614338596625;-0.05160338450536995;-0.07061332070030371;-0.06267905398178862;-0.05200978705914338;-0.042893851421877786;-0.053966534268562544;-0.04954939750678679;-0.04310917142120556;0.9824386962230632;0.9968229604649883
1764173042.00792;0.6483552469747899;0.5998672485757828;0.5577488830849715;0.5238534428984393;0.4913043286473271;0.5859245874647058;0.5401289287711679;0.5164639598339991;0.5006555123482147;0.6136919566697318;0.5590121173332988;0.5393478971900375;0.5332796834744565;0.6323061068097499;0.5790230827697777;0.5607169564586844;0.5559443737432028;0.6434526737604466;0.6002130927956622;0.5832610232629296;0.5789341212438172;0.31948066286169075;0.33389023538766616;0.38465279518538037;0.43767606865344777;0.45915123768367944;0.4235331506077657;0.5193250447871937;0.5492456766408672;0.5645607194283501;0.4631886641111717;0.5589505982299515;0.5475131888141529;0.5269516370877613;0.49171410072535005;0.57139047136064;0.5549868307360782;0.534482274784608;0.5103164094553242;0.5657381631297821;0.5545524982123071;0.5416022811002263;3.231427251663711e-07;-0.011585232143661412;-0.022929542509555235;-0.029189953526404015;-0.034137941852869225;-0.04823311503671633;-0.0570842675409394;-0.05390415073018308;-0.04991091922151217;-0.043586275693813396;-0.05065459357120499;-0.04199806806289015;-0.034991277133413004;-0.036435201889830966;-0.03708287636260332;-0.025325992783546396;-0.018341379040803983;-0.029918691881361655;-0.028633997438298385;-0.020747844901614857;-0.015104979564399547;0.3088584769260554;0.3488183236557606;0.3884457863684076;0.41467877590386587;0.43119565297684476;0.3452349870269466;0.4035961905513812;0.44004602386383734;0.4634859661020862;0.32634187177416685;0.38543669829086064;0.4230100818108072;0.4407834622037502;0.31810887014988;0.3695696933125832;0.40168012835139927;0.41549931843793947;0.31848903506462733;0.35619600997318096;0.38211388847769895;0.3940087544909133;0.37529692960679484;0.37286349288642495;0.41887865792846724;0.47533972312005984;0.5191607533293443;0.44062293022014004;0.5119826608370753;0.5375568995179882;0.5562947145486216;0.48761914929567507;0.5791565123913308;0.5810550798802159;0.5639620609831401;0.5225803748511082;0.6132746422322927;0.6056076407612916;0.583695049541623;0.5432030467188668;0.6149386111763506;0.6133758334132952;0.5939368295249202;-2.406999443933533e-07;-0.021785308717450838;-0.034663505578058126;-0.04074567305219268;-0.04510248022744095;-0.06781706234879217;-0.08782536899288707;-0.09072242773141737;-0.08953635738182812;-0.06014813556421561;-0.0830399246100496;-0.07863607785657845;-0.07140022197725124;-0.05096380227112059;-0.0697617057439909;-0.06212424579503462;-0.05184644480594715;-0.04237536279141127;-0.05362368467476435;-0.049488657351472946;-0.04332375665554204;0.9826514764136288;0.9968277442634013
1764173042.041253;0.6462913083720123;0.5981294609488015;0.5555875743462949;0.5222035755184059;0.48920286987219797;0.5842781201883082;0.5408231033238138;0.5172554041027904;0.5009101328321028;0.6124967612076765;0.5597875016677012;0.5385721380119832;0.5305423549450334;0.6313414293871662;0.5794388394716755;0.5591901675811902;0.5523931294835749;0.6426311397978973;0.6001813952478604;0.5816630335176267;0.5756886652498059;0.32114340319966483;0.33450957396084313;0.3855897212779688;0.4385406235338419;0.4582134177884788;0.42422663598049115;0.5202948495509158;0.5554497551936138;0.5752329004564253;0.46349226779376007;0.5614679767016648;0.5534564640537489;0.5340255249654021;0.4913816777164537;0.5744167889165476;0.5607886853657862;0.5410813386583209;0.509394256129871;0.5689705962998266;0.5597611082664212;0.5470952146235709;3.427794095854485e-07;-0.01181095581792761;-0.02319430995553608;-0.02930678249610011;-0.03431258399795548;-0.048880610073549255;-0.057255142765560325;-0.053821312598564035;-0.04979494734728263;-0.044059421650446344;-0.050807360877183794;-0.04204511143705026;-0.03502213680877365;-0.03664668932029072;-0.037529900834139096;-0.026201943238066957;-0.019430379016081144;-0.02978811360692499;-0.028865208525384583;-0.0212152502357366;-0.015706325976996005;0.30808192416046;0.34816062418836363;0.38794236528365156;0.4142622850187871;0.4309045346197478;0.3449655100899933;0.40324706766321383;0.4396984498323237;0.4630943217000469;0.32603894447792964;0.38511333162721445;0.42280298545796596;0.440772689001465;0.31782062396748223;0.3695586402049784;0.4016475477018842;0.4154296231799975;0.31826920637650247;0.35648785191247345;0.38240278515954795;0.3941745567135854;0.3756647144277301;0.3729884281553897;0.4184482349377381;0.47452883533210455;0.5181257230820198;0.44090903497036976;0.5121393017912228;0.5377731521850446;0.5564382960361006;0.4879116208605391;0.5793074662544211;0.5812698791552962;0.564399622226422;0.5229094635699707;0.6132742693457195;0.6052951890330711;0.5833783282823581;0.5435185503058296;0.6147076303697507;0.6126206673764862;0.5929503462493316;-2.434616723298847e-07;-0.021537459189566222;-0.03426033348898988;-0.04027247399485493;-0.04458140259398171;-0.06702560323256525;-0.08682714941485567;-0.08976131510312442;-0.08866050545885068;-0.059484918717437156;-0.08211221836495997;-0.07789713375785122;-0.07090762333615537;-0.050434021911720944;-0.06900591812157557;-0.061584109147599486;-0.05159288070719137;-0.04196990670351495;-0.05318094169741786;-0.04917595185412424;-0.04317811253814239;0.9831587353526227;0.9966336304663076
1764173042.0745862;0.6455536916322016;0.5974715025077402;0.5557836203507447;0.5231763255064774;0.4911284400290188;0.5846456988243339;0.5375519908777696;0.5148948028821817;0.5017148056391691;0.6117777022700495;0.5554187958370764;0.5356592541592435;0.5310505907454752;0.6299939052954096;0.5753485006738075;0.5573993295073653;0.5542952330657831;0.6408009299137438;0.5964864209738443;0.5805946691796401;0.5782439506208158;0.31895115356348896;0.33243403724924475;0.38479777265947535;0.4411138061061911;0.46586465937821153;0.42411789091840657;0.5170386971732256;0.5398365253769242;0.5464637743334605;0.46301773279947467;0.5541369944013163;0.5414586111908655;0.5208656447278804;0.4911688931029149;0.5687520452076728;0.5501027857799589;0.5283656667547799;0.5091666029157874;0.565077523077198;0.5521189931314316;0.5377772669402283;2.914885634780835e-07;-0.011068691370060274;-0.02187873861847041;-0.027799287557931256;-0.032083799959116505;-0.04632470856521329;-0.05524789185509712;-0.05184286007375968;-0.047363748222583185;-0.04186656604003428;-0.048925918856771555;-0.04068517567173554;-0.034030992898343236;-0.03500961117455394;-0.03587957510069885;-0.024332890659453564;-0.017451381177983543;-0.02869800660845263;-0.027748236033916504;-0.019842818316178918;-0.01410296419964698;0.3090410454449562;0.34869901387658153;0.3879231163913536;0.41391209542960494;0.4306828979548935;0.34525118438439856;0.40406846891627934;0.4407066690041966;0.464026256719022;0.32680397107123976;0.3860384878652166;0.42370328277803737;0.4413406126289743;0.31876921629082705;0.37025102103158003;0.4022967353963494;0.4160203426181849;0.3192172092406323;0.3571939325842798;0.3831579738818208;0.39500537915100165;0.3747077375552058;0.37216044122005953;0.4166504453104117;0.47220951658272825;0.5155052516522987;0.44015554348411257;0.5105918290684893;0.5355767458450937;0.553565678345602;0.48718861864402524;0.577712775815945;0.5790292023956779;0.5613384588918305;0.5218548194033685;0.6118394443115976;0.6039450631902964;0.5820641391255209;0.5416960440438312;0.6128629075931995;0.6109201181934613;0.5913905152092621;-2.384605926631782e-07;-0.02125750862036216;-0.0339695535122889;-0.04009056230770376;-0.04454162680082902;-0.06645294868670078;-0.08611427979898653;-0.08900546578000706;-0.08783696487535816;-0.05906569379923862;-0.08168137449421675;-0.07758227106921169;-0.07062568905883869;-0.05015210541981158;-0.06846644860505427;-0.06107709164756126;-0.051135652184644026;-0.04181960730754266;-0.05251270202052176;-0.04829446641348447;-0.04221929614634357;0.9843307428815568;0.9959905304627011
1764173042.1079192;0.6448160748923907;0.5968135440666787;0.5559796663551944;0.5241490754945489;0.49305401018583955;0.5850132774603597;0.5342808784317254;0.5125342016615729;0.5025194784462356;0.6110586433324224;0.5510500900064517;0.5327463703065038;0.5315588265459169;0.6286463812036528;0.5712581618759395;0.5556084914335403;0.5561973366479914;0.6389707200295903;0.5927914466998281;0.5795263048416535;0.5807992359918257;0.3167589039273131;0.33035850053764637;0.38400582404098194;0.4436869886785404;0.47351590096794427;0.42400914585632193;0.5137825447955355;0.5242232955602345;0.5176946482104957;0.46254319780518927;0.5468060121009676;0.529460758327982;0.5077057644903588;0.49095610848937604;0.5630873014987979;0.5394168861941315;0.515649994851239;0.5089389497017037;0.5611844498545695;0.5444768779964421;0.5284593192568857;2.4019771737071845e-07;-0.010326426922192936;-0.02056316728140474;-0.026291792619762402;-0.029855015920277533;-0.04376880705687733;-0.05324064094463392;-0.04986440754895533;-0.04493254909788373;-0.03967371042962222;-0.04704447683635932;-0.03932523990642082;-0.03303984898791282;-0.03337253302881715;-0.0342292493672586;-0.022463838080840175;-0.01547238333988594;-0.02760789960998027;-0.02663126354244843;-0.018470386396621238;-0.012499602422297956;0.31000016672945235;0.3492374035647994;0.38790386749905564;0.4135619058404228;0.4304612612900392;0.34553685867880385;0.4048898701693449;0.4417148881760695;0.464958191737997;0.3275689976645499;0.38696364410321876;0.4246035800981088;0.4419085362564836;0.31971780861417193;0.3709434018581817;0.4029459230908146;0.41661106205637227;0.3201652121047621;0.35790001325608606;0.3839131626040937;0.3958362015884179;0.3737507606826816;0.37133245428472944;0.41485265568308527;0.469890197833352;0.5128847802225774;0.43940205199785537;0.5090443563457557;0.5333803395051429;0.5506930606551034;0.4864656164275114;0.576118085377469;0.5767885256360596;0.5582772955572392;0.5208001752367665;0.6104046192774758;0.6025949373475216;0.5807499499686836;0.5398735377818329;0.6110181848166482;0.6092195690104363;0.5898306841691926;-2.334595129964716e-07;-0.020977558051158092;-0.03367877353558792;-0.03990865062055259;-0.04450185100767633;-0.0658802941408363;-0.0854014101831174;-0.08824961645688971;-0.08701342429186563;-0.05864646888104009;-0.08125053062347352;-0.07726740838057215;-0.070343754781522;-0.04987018892790221;-0.06792697908853298;-0.060570074147523044;-0.050678423662096676;-0.04166930791157037;-0.05184446234362566;-0.0474129809728447;-0.041260479754544756;0.9855027504104908;0.9953474304590947
1764173042.141252;0.6436643966110323;0.5958712787399439;0.5553358503149228;0.5237404882174264;0.49298539402168057;0.5849327594384441;0.5334217720243274;0.5118427958307599;0.5027875775582764;0.6106369396180652;0.5496164143973149;0.5316690612329796;0.5316128926992814;0.6279022647933825;0.5698597385831988;0.5547182737733866;0.5563955212650505;0.6379292698009181;0.591423317925063;0.5787000870763053;0.580877648149916;0.31656757736310676;0.3302309020381629;0.3841893020429769;0.4449803221336451;0.47676734596487724;0.42474365483657;0.513431686950386;0.5199904141441063;0.5088806129744451;0.46288836801073413;0.5450564621616047;0.5264462655294257;0.5042645342246854;0.4912460724930146;0.5622360583981414;0.5372603381881976;0.5126643822298232;0.5091815839576157;0.5610573550859872;0.5434660352596885;0.5266891203241503;2.2606293427750573e-07;-0.010410583717238329;-0.02068867823890976;-0.026578880859152516;-0.030138984274906185;-0.043072049028093966;-0.052826194424359735;-0.049542683588438746;-0.04448006400340825;-0.03899652986721849;-0.046548882784543576;-0.039017441347891854;-0.03281382173223648;-0.03283524581997594;-0.03387650434318138;-0.02217657483354811;-0.015166724123130186;-0.027221484860438076;-0.026508449843904876;-0.018452232549276755;-0.01246915524407674;0.31076325787369014;0.3498000315490499;0.3882353581540644;0.4137517801044906;0.4309388864850653;0.34613362071716314;0.4056785881327631;0.44247737934406545;0.4655254745864801;0.32830886387544467;0.3877532518034689;0.42527037844273013;0.4423427692911528;0.32045383588570814;0.37157410409827707;0.4034962282551009;0.4170747991112906;0.32079326256113366;0.3585267449719445;0.3845567178070879;0.3965090557527759;0.3734100612375789;0.3710321386914933;0.41398284355614834;0.46879288909976036;0.5118062901288719;0.43895579561972503;0.5084730207713161;0.5323254460664522;0.5490209597681572;0.48591208155816623;0.575165826232802;0.5755860275865584;0.5567657312654928;0.5201103486320113;0.6094197402864915;0.6016570085167335;0.5798789201843967;0.5389930478175005;0.6100724592341144;0.6083176215056172;0.5890530557962649;-2.3035516274040646e-07;-0.020804155425090124;-0.03351352516603005;-0.03982690085047688;-0.04451534408943455;-0.06543438194788938;-0.08481483091380852;-0.08757482958352678;-0.086236728823504;-0.058277407457665305;-0.08072749192936322;-0.07672267346168377;-0.0697873488903626;-0.04958383668735673;-0.06737932895513844;-0.05993160345998837;-0.05002594281899886;-0.041468297348420426;-0.05130533798754262;-0.04669929339809055;-0.040475107985222136;0.9861362884481871;0.9951072392355049
1764173042.174585;0.6418214017775589;0.5944543350472552;0.553289801817035;0.521025622236147;0.4895872872544062;0.5841040998832089;0.5365897474175827;0.5139382762134462;0.502159814003589;0.6107116997552793;0.5530830610095755;0.5336564251613799;0.5309086778654305;0.6281655969771679;0.5729557335323294;0.5553317306559498;0.5537488452373195;0.6382047315545479;0.593940087037297;0.5782781568791217;0.5768206763668148;0.31971698907174445;0.3333555783659881;0.3860013509226165;0.4441368213499223;0.4726728969211029;0.42688605954875064;0.5179315046632871;0.5347581459912518;0.5333835686801683;0.46460211683475966;0.552625663635949;0.5384303777277605;0.5170495479241883;0.4923754248622292;0.569421428965198;0.5493443832688562;0.5259240625415545;0.510209409494623;0.5672179325084976;0.5535267553475042;0.5375206318110687;2.7396386036195864e-07;-0.011874532226601026;-0.023220218115383384;-0.02986220258150812;-0.03461824039878176;-0.04547931426929883;-0.05507109181490409;-0.05198703124754831;-0.047331236997734755;-0.04084991817725627;-0.048367098500774725;-0.040466289551165976;-0.03386523213897431;-0.03413416797194615;-0.03569019819853907;-0.024530264770688114;-0.017654868653283248;-0.02800995367400595;-0.028045482231067297;-0.02069517941654534;-0.015064844010227008;0.3111990573787006;0.35040312775737104;0.389152443051002;0.41484334419842067;0.43258399827203864;0.3472497744038066;0.40641273812296075;0.4428296033914702;0.46548393469744564;0.32900672234817524;0.3883165478607381;0.4255473272349707;0.4425537927049843;0.3208349648535594;0.37210182785936796;0.40388143928972675;0.41732652656238833;0.3208871209393287;0.359020995785484;0.3850138898474252;0.3969181663164461;0.3740982976957694;0.37161282240938087;0.4146623813244264;0.4697358465246833;0.5133022898480947;0.43902249853466263;0.5095314423707193;0.533176420920055;0.5493532400036063;0.4856414891270461;0.5752861694489987;0.57611687121297;0.5578413752990021;0.5200296209019412;0.6091860905596811;0.6014072832221966;0.5797477886488673;0.5396853469040523;0.6106276980691071;0.6087490182100351;0.589581391867372;-2.3041758917062424e-07;-0.020808645091091735;-0.03355786418656702;-0.03991238127257746;-0.04461777480785617;-0.06520007860443469;-0.08443910582483025;-0.08703538445926894;-0.08553824589174902;-0.05799209893284268;-0.08005052489123249;-0.07579414419896759;-0.06877268558890154;-0.049290078527290934;-0.06681802047562017;-0.05907365872034809;-0.04904746898333559;-0.04118261949374674;-0.050981784384725046;-0.046265760898020925;-0.03997931910723719;0.9858707986005352;0.995539743929476
1764173042.2079182;0.6399784069440855;0.5930373913545665;0.5512437533191472;0.5183107562548676;0.48618918048713183;0.5832754403279735;0.5397577228108381;0.5160337565961326;0.5015320504489016;0.6107864598924934;0.556549707621836;0.5356437890897802;0.5302044630315795;0.6284289291609533;0.57605172848146;0.5559451875385131;0.5511021692095885;0.6384801933081777;0.5964568561495309;0.577856226681938;0.5727637045837135;0.3228664007803821;0.3364802546938133;0.3878133998022561;0.44329332056619947;0.46857844787732855;0.42902846426093133;0.5224313223761883;0.5495258778383975;0.5578865243858917;0.46631586565878524;0.5601948651102934;0.5504144899260951;0.5298345616236914;0.49350477723144376;0.5766067995322546;0.5614284283495147;0.5391837428532859;0.5112372350316303;0.5733785099310079;0.56358747543532;0.5483521432979871;3.2186478644641156e-07;-0.013338480735963724;-0.025751757991857013;-0.03314552430386373;-0.03909749652265733;-0.0478865795105037;-0.05731598920544844;-0.054431378906657876;-0.050182409992061264;-0.04270330648729405;-0.05018531421700588;-0.0419151377544401;-0.03491664254571214;-0.035433090123916364;-0.03750389205389676;-0.026883954707828117;-0.02014301318343631;-0.028798422487573826;-0.029582514618229718;-0.022938126283813927;-0.017660532776377275;0.3116348568837111;0.3510062239656922;0.39006952794793953;0.4159349082923507;0.43422911005901205;0.3483659280904501;0.40714688811315847;0.44318182743887496;0.4654423948084112;0.32970458082090576;0.38887984391800734;0.4258242760272113;0.44276481611881574;0.32121609382141064;0.3726295516204589;0.40426665032435255;0.4175782540134861;0.3209809793175237;0.35951524659902356;0.3854710618877625;0.39732727688011626;0.37478653415395985;0.37219350612726837;0.41534191909270446;0.47067880394960626;0.5147982895673173;0.43908920144960023;0.5105898639701226;0.534027395773658;0.5496855202390554;0.4853708966959259;0.5754065126651953;0.5766477148393814;0.5589170193325114;0.5199488931718709;0.6089524408328707;0.6011575579276597;0.5796166571133379;0.5403776459906042;0.6111829369040999;0.6091804149144531;0.590109727938479;-2.3048001560084199e-07;-0.020813134757093347;-0.033602203207103984;-0.03999786169467803;-0.04472020552627779;-0.06496577526097999;-0.08406338073585196;-0.08649593933501108;-0.08483976295999404;-0.057706790408020056;-0.07937355785310177;-0.0748656149362514;-0.06775802228744049;-0.04899632036722514;-0.0662567119961019;-0.05821571398070781;-0.04806899514767232;-0.040896941639073064;-0.05065823078190748;-0.04583222839795129;-0.03948353022925224;0.9856053087528832;0.995972248623447
1764173042.241251;0.6387987721397171;0.5920344491796056;0.5500714059156885;0.5170170433337491;0.484585530320899;0.5824504257467553;0.5406111207162104;0.5162036370112888;0.5001803577305285;0.6101040854413884;0.5574062613095331;0.5355963147927087;0.5284845087243029;0.6276678132489872;0.5767420121816198;0.5551828558813565;0.5483089191322494;0.6375913607151694;0.5967726084919097;0.5766384996666635;0.5695479551006914;0.3243301045509211;0.3378706223815326;0.3888477967569684;0.44362978770690864;0.4677510829245951;0.43114553307602455;0.5245926219258911;0.5554926229136948;0.5678741994061329;0.4680803347456324;0.5632203947508557;0.5553666008217414;0.5354247890424589;0.49469230652533214;0.5794435588932145;0.5666643340788721;0.545129496272461;0.5120412039090995;0.5759483135341891;0.5681053135059003;0.5533219558603407;3.4198153324726443e-07;-0.014265808618733944;-0.027133962163476612;-0.03481457333073897;-0.041230893924195246;-0.04864599677298624;-0.05807155090193549;-0.055484658730129525;-0.05161283136033891;-0.04311963713447958;-0.05060457552426136;-0.042407660824415855;-0.03544592806066591;-0.03557739064319585;-0.037969108772042466;-0.02783985912945277;-0.02134392809456362;-0.028733223268610174;-0.029982485155225412;-0.023817879179388733;-0.01880362869223448;0.3118733766615343;0.3511965256702882;0.3904444354729193;0.416435065411571;0.43476864305076396;0.34884084412936367;0.4076036183615175;0.4434630421510885;0.4655567295264897;0.3299507678703319;0.3890980898378719;0.4258590925551244;0.44280822624450744;0.3213268869875557;0.37287295140288196;0.4044738468036193;0.4177955941348154;0.32101058279902844;0.359787828384116;0.38579428312916103;0.3977334796615004;0.37498544460158406;0.37217557624972697;0.4153625487146192;0.47075535141582375;0.515018486995164;0.43894382516320357;0.5107485355456582;0.5339328911687027;0.5493472819001265;0.48509912711100517;0.5752821795614163;0.5769476067848539;0.5597379761909043;0.5197789316562798;0.6085463320406012;0.6009557112757806;0.5796173680861264;0.540605362446123;0.6112398777051189;0.6092436566353924;0.5902918130360905;-2.300087037356706e-07;-0.0208495237368605;-0.03363559157834839;-0.039999190685642914;-0.04468788397189162;-0.06497224149430648;-0.08399274019579248;-0.08634729421903385;-0.0846229662086983;-0.057631332458199395;-0.07902985196621075;-0.07437821457919461;-0.06723951358073892;-0.04885457919878068;-0.06596658338598183;-0.05782863257459548;-0.04766405340884456;-0.04068825803838944;-0.05047100692500135;-0.04564258535435788;-0.03929745278762891;0.9853621934728959;0.9959794121820872
1764173042.274584;0.6391077597491189;0.5919605529398603;0.5508596997553528;0.5189124889478647;0.487008755757123;0.5816335907208032;0.5362704584194348;0.5120523477058515;0.49720412157908456;0.6077226524565145;0.552405599218387;0.5309825331241786;0.5244851699495409;0.6246077701629837;0.5720337256798509;0.551333166579818;0.5451867474950479;0.634089776999713;0.5921491381604248;0.5736349535965155;0.5682199623650128;0.3220109716873183;0.33536909034544743;0.388137092959801;0.4466141784830063;0.4742552640286185;0.43320574651451615;0.5215061368639066;0.5417093897011191;0.5452886544213571;0.4699586233524321;0.5560496336355384;0.5445384501798249;0.5248694550015796;0.49601038856619645;0.572521756046408;0.5565325762715502;0.5346623290644708;0.5123428240977127;0.5704601905881269;0.5601845691390195;0.5451377404152312;2.9974880131094554e-07;-0.013988925428499598;-0.02593698336336931;-0.03286109098551575;-0.03810003402895081;-0.04570753757625359;-0.055484947863545964;-0.05341629319007359;-0.049854995037253956;-0.040311118298816326;-0.04788449349204357;-0.04075412901345423;-0.034803531860419464;-0.03313064622995788;-0.03540825638316263;-0.025659043283432416;-0.019656217254248383;-0.026752338281150756;-0.02783081603692755;-0.021638537448298405;-0.016687013169122748;0.3116691880897608;0.3504604900564367;0.38960266223221574;0.41560806738187356;0.43282718637997;0.3478767817959268;0.40743780093198806;0.4435849073648175;0.4660208568514561;0.3291833753025213;0.3885420211384068;0.42535054876592426;0.44247550141086617;0.32083102929141205;0.37247830995754483;0.4042815672133945;0.41793576688458617;0.3208959941748728;0.35956297066470544;0.3858169101941035;0.3981331571931026;0.3740862761252302;0.3708143191045701;0.4139045462329152;0.4688876194147019;0.5123757023270828;0.43832252955886636;0.5088881104111815;0.5317166700719235;0.547504356913112;0.48482471591752346;0.574608777116625;0.5767292283587944;0.5599873987078483;0.519408723807832;0.6077532140541739;0.6008613073661143;0.5799139420961174;0.5397905257069054;0.6101786057867017;0.6084807349818411;0.5896968887612335;-2.2833964893341624e-07;-0.020957496820842286;-0.03364440599085694;-0.03981167847267149;-0.04435316968232849;-0.06551901008657067;-0.08460672893348459;-0.0870756293643077;-0.08548710411305599;-0.05802679264601799;-0.07943400545825095;-0.07488073575420898;-0.06783440757852416;-0.04905397390086301;-0.06628499978013949;-0.05849819866208912;-0.04854615444755309;-0.040652354477491645;-0.05058971575400208;-0.04600024587966132;-0.039806387655672244;0.9851692881565219;0.995032082976962
1764173042.307917;0.6394167473585208;0.5918866567001151;0.5516479935950169;0.5208079345619804;0.48943198119334697;0.5808167556948511;0.5319297961226591;0.5079010584004142;0.49422788542764057;0.6053412194716405;0.5474049371272408;0.5263687514556485;0.5204858311747789;0.6215477270769804;0.567325439178082;0.5474834772782795;0.5420645758578465;0.6305881932842565;0.5875256678289398;0.5706314075263674;0.5668919696293343;0.3196918388237155;0.3328675583093623;0.3874263891626335;0.4495985692591039;0.4807594451326419;0.4352659599530077;0.5184196518019222;0.5279261564885435;0.5227031094365814;0.4718369119592319;0.5488788725202212;0.5337102995379084;0.5143141209607002;0.49732847060706076;0.5655999531996014;0.5464008184642283;0.5241951618564805;0.5126444442863259;0.5649720676420649;0.5522638247721385;0.5369535249701218;2.575160693746266e-07;-0.01371204223826525;-0.024740004563262016;-0.03090760864029253;-0.034969174133706385;-0.04276907837952095;-0.05289834482515643;-0.05134792765001765;-0.048097158714169;-0.03750259946315307;-0.04516441145982578;-0.039100597202492614;-0.03416113566017302;-0.030683901816719907;-0.0328474039942828;-0.02347822743741206;-0.017968506413933143;-0.024771453293691334;-0.02567914691862969;-0.019459195717208076;-0.014570397646011014;0.3114649995179873;0.3497244544425852;0.3887608889915121;0.41478106935217607;0.43088572970917605;0.3469127194624899;0.4072719835024587;0.44370677257854646;0.4664849841764226;0.3284159827347107;0.38798595243894174;0.4248420049767242;0.4421427765772249;0.3203351715952685;0.3720836685122077;0.40408928762316965;0.41807593963435696;0.3207814055507172;0.3593381129452949;0.385839537259046;0.3985328347247048;0.37318710764887636;0.3694530619594132;0.41244654375121126;0.46701988741358014;0.5097329176590017;0.43770123395452915;0.5070276852767048;0.5295004489751443;0.5456614319260975;0.4845503047240417;0.5739353746718336;0.5765108499327348;0.5602368212247923;0.5190385159593841;0.6069600960677467;0.6007669034564479;0.5802105161061083;0.5389756889676878;0.6091173338682845;0.6077178133282899;0.5891019644863765;-2.2667059413116188e-07;-0.02106546990482407;-0.03365322040336549;-0.03962416625970006;-0.04401845539276535;-0.06606577867883485;-0.0852207176711767;-0.08780396450958154;-0.08635124201741369;-0.05842225283383659;-0.07983815895029114;-0.07538325692922333;-0.06842930157630939;-0.04925336860294534;-0.06660341617429717;-0.05916776474958276;-0.04942825548626162;-0.04061645091659385;-0.050708424583002815;-0.04635790640496475;-0.04031532252371558;0.9849763828401479;0.9940847537718367
1764173042.34125;0.6392837666002994;0.5914771581412802;0.5514526808459793;0.5211477880900326;0.4900036608683298;0.5792284673309569;0.5291279415516429;0.5050049375356628;0.4917099778125002;0.6029893086407464;0.5441562128365518;0.5235299676740844;0.5183075856392284;0.6189636795465712;0.5642388309656844;0.5450976633574647;0.5404066132594237;0.6280260733052117;0.5845048719875292;0.5686248959811863;0.5660031485787905;0.31910782175628055;0.3316476132535959;0.38676226432745303;0.45015230826878977;0.48216409139601984;0.434934909075496;0.5160386844299027;0.5211125949864979;0.5122155831933313;0.47180631894262187;0.5459685127520557;0.5286090908870462;0.5085699542948273;0.4973345525558221;0.5624280863559317;0.5415160615740596;0.5190320615989328;0.5123504696616993;0.5620439889374121;0.54815651645458;0.5328908116954377;2.3412261303941817e-07;-0.013183232380762888;-0.023562486452930822;-0.029193789342943467;-0.03256310239048403;-0.04116107514639867;-0.05137181391258104;-0.05004870286469718;-0.04695350733159957;-0.03609815414347458;-0.0438502397310606;-0.03831628776370594;-0.03379156560756788;-0.029523661247387995;-0.03156357499722092;-0.022311655252038997;-0.01696050439904713;-0.023859599148699152;-0.02449949977979061;-0.018172172576638904;-0.013282402188560648;0.3113175022208619;0.34911037814343754;0.38801319542971974;0.414177688594325;0.4299207908599719;0.3464411602176195;0.4072087427614224;0.4437424681790175;0.4667459566928971;0.3280515296585902;0.3878265045205351;0.4247685515452558;0.44221357427290836;0.3201198434578355;0.3719876785840684;0.40410550027067244;0.4182544608519431;0.3208442062552179;0.3594427327293944;0.38603360228136635;0.398852018747908;0.37252020158584953;0.36885424508594206;0.4118307264116006;0.4659360045913917;0.5078774218119404;0.43757360771022763;0.5055519349775089;0.5278696306850771;0.5443358547165752;0.48465621135026427;0.5734676243122317;0.5760920460281421;0.5598988051100771;0.5190463485080442;0.6065744315485341;0.6006871830869486;0.580249648693329;0.5386415371445643;0.6084771712489145;0.6072914199600413;0.588768108421142;-2.2797764743818044e-07;-0.02095001818894093;-0.03338777847298406;-0.039217849927362734;-0.0435071749288941;-0.06593840270600164;-0.0851701019144782;-0.08789998243320372;-0.08656974445471582;-0.0583479241358781;-0.07978949861362228;-0.07545625303150849;-0.06857299951228134;-0.049220582399697274;-0.06676690887771596;-0.05960976533443306;-0.04998596967079752;-0.04058463013591849;-0.050870046622678314;-0.04667332072376005;-0.040687517662824524;0.9845600030153353;0.9937280921800049
1764173042.374583;0.6383488093901275;0.590458690305804;0.5494725586401829;0.5186649323174798;0.4872156066596201;0.5762403335117529;0.5291183401157891;0.5043863903761852;0.49002373309520275;0.6006909674180801;0.5440864781844291;0.5239120173545704;0.5194338161740081;0.6172433527138049;0.5640948491853753;0.5453681336188045;0.5414055402844562;0.6271686630955899;0.5843922191159275;0.5684275596380787;0.5659112292425833;0.32167226985484176;0.33275317982860314;0.38618265963761855;0.4462954929891791;0.47431534497862354;0.4302647746519443;0.5149379185728223;0.5269458946608052;0.523680592146514;0.4683119528968058;0.5507888907619081;0.5338997404662443;0.5115559213303709;0.4949599365725531;0.5660606892235438;0.5461522828515106;0.5234934890348462;0.5109757547621726;0.5637612544428046;0.5509689022522858;0.5363067958332379;2.4491408148772996e-07;-0.01219728742136667;-0.022420280858341596;-0.02791485212059756;-0.031472199499051355;-0.041967259061805894;-0.05176884347299575;-0.050145127222437275;-0.04692432905506914;-0.037241479160127024;-0.045087171292756904;-0.03910923118973762;-0.03391705393903065;-0.03069785423425111;-0.032596976743018376;-0.022985485212985532;-0.017185872263341787;-0.024887561571752283;-0.025083641172914426;-0.01850431168762173;-0.013497984427966098;0.31127287442895335;0.3487176038777691;0.387436214734777;0.413980073948729;0.4307277985010483;0.34686327551707724;0.4073316331888517;0.4436218041714964;0.46663829338733953;0.32841823294470934;0.3883867473086684;0.42548459403008554;0.4430165862853996;0.3204135519769666;0.37243360862504354;0.40450003380564326;0.4185025675204558;0.32122888986997017;0.36014520796790894;0.386538751116148;0.39902514277451456;0.3722747487303524;0.369638918952315;0.41274310136270437;0.4662744601749264;0.5074505057945556;0.4383417722754067;0.5047741987945998;0.5273010587010374;0.5439490341362861;0.4854522260430443;0.5733730412236344;0.575309558824179;0.5584948485705069;0.5197401566119164;0.6069281142539406;0.6006341068266386;0.5798216393447395;0.5391796151273622;0.6086011351287997;0.6074756760861886;0.5889079753003709;-2.3468501623594552e-07;-0.020429149612034462;-0.032624682988845785;-0.038414501218557245;-0.04267550521461658;-0.06458775351720067;-0.08391352393648316;-0.08684862520720964;-0.08561670503732124;-0.05742113709161902;-0.07891918212609562;-0.0747498517400309;-0.06789797682638403;-0.04876649088976206;-0.06664928383397563;-0.05963883552026481;-0.049955065670353904;-0.0405602177895039;-0.051109537095843365;-0.0469120769256273;-0.040811590875830035;0.9837381161304978;0.994443230181747
1764173042.407916;0.6374138521799555;0.5894402224703279;0.5474924364343863;0.516182076544927;0.48442755245091035;0.5732521996925487;0.5291087386799352;0.5037678432167075;0.4883374883779053;0.598392626195414;0.5440167435323066;0.5242940670350563;0.5205600467087877;0.6155230258810388;0.5639508674050663;0.5456386038801445;0.5424044673094887;0.6263112528859682;0.5842795662443258;0.5682302232949712;0.5658193099063761;0.3242367179534029;0.33385874640361046;0.3856030549477841;0.44243867770956835;0.46646659856122724;0.4255946402283926;0.513837152715742;0.5327791943351126;0.5351456010996967;0.46481758685098973;0.5556092687717604;0.5391903900454424;0.5145418883659144;0.49258532058928417;0.5696932920911559;0.5507885041289616;0.5279549164707594;0.5096010398626458;0.5654785199481971;0.5537812880499916;0.5397227799710381;2.557055499360417e-07;-0.011211342461970452;-0.021278075263752375;-0.026635914898251657;-0.03038129660761868;-0.04277344297721312;-0.05216587303341046;-0.05024155158017737;-0.04689515077853871;-0.03838480417677946;-0.04632410285445321;-0.0399021746157693;-0.03404254227049341;-0.031872047221114225;-0.03363037848881583;-0.023659315173932063;-0.017411240127636448;-0.025915523994805414;-0.025667782566038244;-0.01883645079860455;-0.013713566667371547;0.3112282466370448;0.3483248296121007;0.3868592340398343;0.41378245930313295;0.43153480614212475;0.347285390816535;0.407454523616281;0.4435011401639752;0.4665306300817819;0.3287849362308285;0.3889469900968017;0.42620063651491535;0.44381959829789086;0.3207072604960976;0.37287953866601864;0.404894567340614;0.4187506741889685;0.3216135734847224;0.3608476832064235;0.38704389995092964;0.3991982668011212;0.3720292958748553;0.3704235928186879;0.41365547631380806;0.4666129157584611;0.507023589777171;0.43910993684058586;0.5039964626116906;0.5267324867169977;0.5435622135559971;0.48624824073582423;0.5732784581350371;0.5745270716202159;0.5570908920309366;0.5204339647157886;0.6072817969593469;0.6005810305663286;0.57939362999615;0.5397176931101602;0.6087250990086847;0.6076599322123358;0.5890478421795997;-2.4139238503371063e-07;-0.01990828103512799;-0.03186158750470751;-0.03761115250975176;-0.04184383550033905;-0.0632371043283997;-0.08265694595848813;-0.08579726798121556;-0.08466366561992666;-0.05649435004735994;-0.07804886563856897;-0.07404345044855332;-0.06722295414048672;-0.04831239937982685;-0.0665316587902353;-0.05966790570609657;-0.04992416166991029;-0.040535805443089316;-0.05134902756900842;-0.04715083312749455;-0.04093566408883555;0.9829162292456602;0.9951583681834891
1764173042.4412491;0.6367418789036537;0.5884759498555208;0.546354681546238;0.5150072472297635;0.483495207335784;0.570650767564063;0.5276699343795006;0.5025833042989983;0.4873339728259219;0.5958413675728031;0.5426218302645194;0.5235040892250427;0.5201585380305844;0.6130932011011195;0.5625801399850568;0.544798594598916;0.5418433384298883;0.6241722564282449;0.5827189879237297;0.5668419985269245;0.5642811340303925;0.32546524451904163;0.33429151253262507;0.38532457694476563;0.4413128594960325;0.4644362027549197;0.4266629511346782;0.5140167441932653;0.5332649043489054;0.53664242057131;0.4661842683774916;0.5567375826158407;0.5396790279304272;0.5143729685791508;0.49340721710611546;0.5691033906591036;0.5502474548234296;0.5274642233345224;0.5096130265631026;0.5632594993081012;0.5512862861874743;0.5372715703536116;2.5877185103334575e-07;-0.010886550276303272;-0.020381400629556234;-0.025112067287166535;-0.028264494318040578;-0.04147929794468523;-0.04971266831999472;-0.047171255969807174;-0.04352152629947939;-0.03679642026272949;-0.04380010147025059;-0.03720147762295725;-0.03120439477535549;-0.0299163085777661;-0.030908705563318026;-0.021099566935665094;-0.015023744116985167;-0.023540061148729804;-0.02279710926579067;-0.016102463098645353;-0.01110085918432692;0.31132589902442037;0.34815155513677887;0.38610116481889906;0.412725709286485;0.4308676938308621;0.34827891731974503;0.40823858583109485;0.443849624003873;0.46645028798671556;0.32971102359619026;0.3902601300576272;0.42725588331194;0.4445640096924197;0.32149622731708605;0.37397169444747824;0.4056961003516427;0.4193276618655201;0.3222022845722999;0.36188536394590637;0.38791753780752586;0.39988994247978604;0.37151379922913547;0.3697353178939839;0.4118331608677822;0.46386159554543327;0.5033004150481296;0.437611975910751;0.5017868605872191;0.5247059825012494;0.5413395607852899;0.48514290996922327;0.5721879069569706;0.5732721276908745;0.5553193457097745;0.5197387970968522;0.6065691711494021;0.5996254565480017;0.5781294367612569;0.5392260865333576;0.6079810894995815;0.6067817409407101;0.5879419866599235;-2.437467287925426e-07;-0.019150015827954534;-0.030911158020914008;-0.036654015934419124;-0.04085580909761202;-0.06247430751119205;-0.08195543978030696;-0.08489037409355069;-0.08346126459305278;-0.0561637220305701;-0.07791884305986388;-0.07364004210262598;-0.0663945994319068;-0.048412145168253005;-0.06700882151533294;-0.05995385099765208;-0.04978940448818836;-0.04097497018447742;-0.05180893681479788;-0.047323999049549335;-0.04074049797922279;0.9825292485322533;0.9958127059574057
1764173042.474582;0.6365438075545382;0.5876093380336804;0.5467348881904065;0.5161895058547081;0.4859068844307005;0.5687461790555686;0.5236556800053767;0.5003788377338079;0.487560747894461;0.5928343471038742;0.5388389205492398;0.5206020961360374;0.5170040149510218;0.6093848478592427;0.5589987941661743;0.5419574805825826;0.538470959871101;0.6197238177780163;0.5785492210850273;0.5633077707261559;0.5601367770416715;0.3242864157010082;0.3335118797775118;0.38558873481729;0.44510834865556215;0.4728905826802043;0.4380720469734976;0.5165035633383742;0.524114158596657;0.5201763776872096;0.4763106478017481;0.5512127283454055;0.5315143516651176;0.508518884215436;0.49998928844343776;0.5609044581515966;0.5403768678889875;0.5180497170654284;0.512123875270046;0.5539472180157231;0.5392272733091882;0.5242475687528159;2.47917257262271e-07;-0.01175316765328048;-0.019927177340588017;-0.02314688661248536;-0.02429900228256949;-0.036400321186874036;-0.04212328857328766;-0.03839447223424343;-0.034121147723982365;-0.03028544618235017;-0.03449882915222791;-0.028205175788355262;-0.023025720545235384;-0.022320375076542224;-0.021420318423506966;-0.012712850799536322;-0.00792781893505361;-0.015031562834141804;-0.013700795801271572;-0.007843258008712986;-0.0033915211566498613;0.3116799429341634;0.348373823355383;0.38501677071493284;0.4101207813942396;0.4275441900205578;0.3503021374117954;0.41021409187151314;0.44504352096751276;0.46641917921976284;0.3316451314489225;0.39293000468988726;0.42892238257178;0.44520282168633885;0.3231776587850633;0.3762283610007789;0.40723105396836834;0.42049729921930096;0.3231586569506182;0.36352709121619653;0.38945519971690384;0.40151605785459366;0.37051167866412194;0.3663927619245577;0.40508288259761904;0.4555424420316555;0.49363732097508023;0.43203041480227056;0.4969970097551395;0.5200522573593179;0.5358087043527603;0.4806113194148574;0.5693026028064718;0.5711658079783289;0.5528853957833926;0.5165406694599138;0.6039350376147705;0.5970435648283938;0.5753584246520332;0.5368789692795053;0.6056729758426145;0.6039889997498973;0.5845913162692686;-2.382568406825981e-07;-0.01796395748933222;-0.0296231491946959;-0.035419750770839496;-0.039586025041882245;-0.06277083157225771;-0.08225418328197286;-0.08424380582135016;-0.08180950932023906;-0.05690738364003044;-0.07912284383730805;-0.07378263266509966;-0.06528993757414361;-0.04950991604200884;-0.06855780283319038;-0.0607026899947553;-0.049467501947326284;-0.04224950943744143;-0.052666044777625;-0.04737897007068228;-0.03997005668836213;0.982925976807274;0.9963574805929362
1764173042.507915;0.6363457362054227;0.5867427262118402;0.5471150948345751;0.5173717644796526;0.4883185615256171;0.5668415905470742;0.5196414256312526;0.4981743711686175;0.48778752296300015;0.5898273266349452;0.5350560108339603;0.5177001030470322;0.513849491871459;0.605676494617366;0.5554174483472917;0.5391163665662494;0.5350985813123137;0.6152753791277876;0.5743794542463247;0.5597735429253873;0.5559924200529506;0.3231075868829748;0.33273224702239856;0.3858528926898144;0.4489038378150918;0.48134496260548887;0.44948114281231705;0.5189903824834832;0.5149634128444085;0.5037103348031093;0.48643702722600457;0.5456878740749703;0.5233496753998079;0.5026647998517213;0.5065713597807601;0.5527055256440896;0.5305062809545456;0.5086352107963343;0.5146347239769894;0.544634936723345;0.5271682604309021;0.5112235671520202;2.370626634911963e-07;-0.01261978503025769;-0.0194729540516198;-0.02118170593780419;-0.020333510247098396;-0.03132134442906284;-0.0345339088265806;-0.029617688498679677;-0.024720769148485346;-0.023774472101970846;-0.02519755683420524;-0.019208873953753276;-0.014847046315115277;-0.014724441575318343;-0.011931931283695907;-0.00432613466340755;-0.0008318937531220545;-0.006523064519553805;-0.00460448233675247;0.00041594708121938176;0.004317816871027197;0.3120339868439065;0.3485960915739872;0.3839323766109667;0.4075158535019941;0.42422068621025355;0.3523253575038457;0.41218959791193144;0.44623741793115257;0.46638807045281006;0.3335792393016548;0.39559987932214735;0.43058888183162003;0.44584163368025803;0.32485909025304066;0.37848502755407953;0.40876600758509396;0.42166693657308174;0.32411502932893654;0.36516881848648663;0.39099286162628183;0.40314217322940127;0.3695095580991084;0.3630502059551315;0.3983326043274558;0.4472232885178777;0.4839742269020308;0.4264488536937901;0.49220715892305983;0.5153985322173864;0.5302778479202308;0.47607972886049155;0.566417298655973;0.5690594882657835;0.5504514458570108;0.5133425418229753;0.6013009040801388;0.594461673108786;0.5725874125428095;0.534531852025653;0.6033648621856474;0.6011962585590844;0.5812406458786137;-2.327669525726536e-07;-0.016777899150709905;-0.02833514036847779;-0.034185485607259876;-0.038316240986152474;-0.06306735563332337;-0.08255292678363876;-0.08359723754914962;-0.08015775404742534;-0.05765104524949077;-0.08032684461475223;-0.07392522322757335;-0.06418527571638044;-0.05060768691576467;-0.0701067841510478;-0.061451528991858524;-0.04914559940646421;-0.043524048690405444;-0.053523152740452114;-0.04743394109181522;-0.03919961539750147;0.9833227050822948;0.9969022552284666
1764173042.541248;0.6363575014885144;0.5865525224760478;0.5469714135292362;0.5168216068134677;0.48783782066041775;0.5656668151482651;0.5182649866117476;0.49678474480700546;0.48637987577868375;0.5885296415921593;0.5336987165837362;0.5162634858106105;0.5118467072502169;0.6043666711784507;0.5542294431076209;0.5378392430936959;0.5333290870287742;0.6139727219289343;0.5733733205958017;0.5584098967193829;0.5539258525831017;0.3229856776468806;0.332317454398056;0.3855091784917604;0.4488215737884438;0.4822810848202797;0.4510356050924022;0.5211529617672342;0.5169528498122455;0.505254926634092;0.4878859416216466;0.5447657459717263;0.523335372788389;0.5038997705006125;0.5074637009366745;0.5511188657982103;0.5294579914534513;0.5078664967959704;0.5149417479338232;0.5421343201361554;0.52500210070819;0.509481434271948;2.453069643741278e-07;-0.012718610448666803;-0.019505874414098158;-0.02121092080039221;-0.020395353011300868;-0.03064458014260926;-0.033666690773199365;-0.028778735609132258;-0.02382457354715139;-0.02288100100869353;-0.023527876693780512;-0.01740456092822071;-0.013102962317269571;-0.01370575209546145;-0.010254845369663106;-0.0027426777825267958;0.0005044665762382215;-0.005444247131181072;-0.0031897479724316996;0.001704198163088473;0.005504517781843623;0.3121777842768909;0.34896108600645825;0.3840518924962823;0.40730700137446485;0.42345913656960954;0.35300897559960853;0.4126262761952365;0.44633403574508584;0.4661475799188325;0.33438714353479954;0.3963255308914882;0.4310643971947801;0.44603431131803806;0.325562279939996;0.37907679169693187;0.40934081698023916;0.4221749113179773;0.32461263560402437;0.36555043587899816;0.39141095665638315;0.4035910633464433;0.369069026355669;0.36239346092328906;0.3972920796664369;0.4456847578327701;0.48209359818777164;0.4258441162531726;0.4913916373513381;0.5147773473510772;0.5294434068161921;0.47551439390383843;0.565950243259311;0.5689730713842513;0.5501585271527044;0.5130505144466898;0.6009672226917284;0.5944824715923643;0.5726488964642856;0.5342256404061801;0.6033278255723815;0.6012150672300456;0.5812396789783416;-2.2478148513694934e-07;-0.016060074007167736;-0.02714418634007121;-0.03264564308245189;-0.036393500653125084;-0.06209767616543764;-0.08125268889285361;-0.08194246227911242;-0.07817469557506297;-0.056916618271144845;-0.07949266875781814;-0.07285679887820161;-0.06275274486190194;-0.0500818775955676;-0.06928917873574558;-0.06033905551933678;-0.04769609293305316;-0.04318574290329419;-0.05276998421897937;-0.04639636166553973;-0.03786797628373268;0.9836625834837046;0.9965192074170927
1764173042.574581;0.6365734530265643;0.5870205128432613;0.5463179512704844;0.5145856825068583;0.48454254743813197;0.5652022008119857;0.5194553331571119;0.49618801703420395;0.4833818172571277;0.5888952638349501;0.5347017220226948;0.5162527855091756;0.5109646476426285;0.6053907911159626;0.5553703317534832;0.5380839957996009;0.5331193153439595;0.6157311381314032;0.5754456313806489;0.5591583837584353;0.5538811249416313;0.32389222778395627;0.3322576776695409;0.38457396070217725;0.4449659747992184;0.47590139725692543;0.44300079452162483;0.5230000321605577;0.5297824921590721;0.5243251716992402;0.4808910534834593;0.5483224040975128;0.5312519745924235;0.5120329055881402;0.5028195221568527;0.5559664265997797;0.5369944369154197;0.5155107654379949;0.5131042906455321;0.5462619471094531;0.5324624042747428;0.5187173775208195;2.7213587430371665e-07;-0.012070318631358705;-0.02001282086424838;-0.023180827101726458;-0.02437608449172709;-0.034251487723173324;-0.03934062336136433;-0.03566386757497547;-0.031203564478819633;-0.027453767555080937;-0.029284288984020898;-0.022598574387328603;-0.017620201082266335;-0.01908719785672592;-0.016178721817937114;-0.007779285349999652;-0.0037636472277489527;-0.011595047888597434;-0.009249746938199969;-0.003790794354687597;0.00034421992827640604;0.3121169966464577;0.349464963391764;0.3853429000769812;0.40942970466624784;0.425190554061417;0.3523890638403648;0.4115655635156517;0.4453629214005999;0.4657033457466942;0.33409917000349093;0.39515931247681046;0.430380998887718;0.4457928678853933;0.3253135694577136;0.37804848509958927;0.4089813364434413;0.42203904037809936;0.3246638292030462;0.3647058750104847;0.3907396319514749;0.40289442794634056;0.36917496124723664;0.364350204637915;0.4018075591879129;0.4507442647119591;0.4877858724468231;0.43008218902942713;0.4944434262635218;0.5180801165064537;0.5331789182869965;0.4788085131720479;0.567836319207776;0.5708521663873951;0.5519489870386147;0.5155863332977929;0.6028720480097308;0.597035876322118;0.5754666043615677;0.5359053779216277;0.6055007115612683;0.603969717735984;0.5844982164063963;-2.143676381036626e-07;-0.015797873706365168;-0.02604767366579039;-0.03080845163275483;-0.0338353865271127;-0.05989588887218501;-0.07839652619123924;-0.07930662851158943;-0.07586925507216634;-0.05474390394484795;-0.07667519928079981;-0.07060996922873058;-0.061001173705203866;-0.047976207047423405;-0.06616871286660278;-0.05741539008056204;-0.045149346089163385;-0.04127802197118909;-0.05044989994348619;-0.04429565145098184;-0.03599025100500382;0.983947142836837;0.9952333211036581
1764173042.607914;0.6367894045646142;0.5874885032104747;0.5456644890117326;0.512349758200249;0.48124727421584623;0.5647375864757062;0.5206456797024762;0.4955912892614025;0.4803837587355716;0.5892608860777409;0.5357047274616534;0.5162420852077407;0.5100825880350401;0.6064149110534746;0.5565112203993453;0.5383287485055057;0.5329095436591449;0.6174895543338721;0.577517942165496;0.5599068707974878;0.553836397300161;0.3247987779210319;0.33219790094102575;0.38363874291259414;0.44111037580999307;0.46952170969357115;0.43496598395084746;0.5248471025538812;0.5426121345058986;0.5433954167643884;0.47389616534527196;0.5518790622232992;0.5391685763964579;0.5201660406756679;0.4981753433770309;0.5608139874013489;0.5445308823773881;0.5231550340800195;0.511266833357241;0.5503895740827508;0.5399227078412956;0.527953320769691;2.989647842333055e-07;-0.011422026814050606;-0.0205197673143986;-0.025150733403060708;-0.028356815972153306;-0.03785839530373739;-0.0450145559495293;-0.042548999540818686;-0.038582555410487884;-0.03202653410146834;-0.03504070127426128;-0.02779258784643649;-0.0221374398472631;-0.024468643617990386;-0.022102598266211124;-0.012815892917472507;-0.008031761031736128;-0.017745848646013793;-0.015309745903968237;-0.009285786872463666;-0.004816077925290813;0.31205620901602443;0.3499688407770698;0.38663390765768;0.41155240795803083;0.4269219715532244;0.3517691520811211;0.4105048508360669;0.44439180705611403;0.46525911157455585;0.33381119647218227;0.3939930940621327;0.4296976005806559;0.4455514244527486;0.32506485897543125;0.37702017850224673;0.4086218559066434;0.42190316943822137;0.3247150228020681;0.36386131414197126;0.39006830724656666;0.4021977925462378;0.36928089613880427;0.366306948352541;0.40632303870938885;0.4558037715911481;0.4934781467058746;0.4343202618056817;0.4974952151757055;0.5213828856618302;0.5369144297578009;0.48210263244025736;0.569722395156241;0.572731261390539;0.553739446924525;0.5181221521488959;0.6047768733277333;0.5995892810518716;0.5782843122588497;0.5375851154370753;0.607673597550155;0.6067243682419223;0.587756753834451;-2.0395379107037588e-07;-0.0155356734055626;-0.024951160991509565;-0.028971260183057772;-0.03127727240110032;-0.057694101578932386;-0.07554036348962485;-0.07667079474406643;-0.0735638145692697;-0.05257118961855106;-0.07385772980378148;-0.06836313957925955;-0.059249602548505795;-0.04587053649927921;-0.06304824699745999;-0.05449172464178731;-0.04260259924527361;-0.039370301039083996;-0.048129815667993014;-0.04219494123642395;-0.03411252572627495;0.9842317021899696;0.9939474347902236
1764173042.641247;0.6369102059485665;0.5874499986974779;0.545074365591675;0.5113516380731276;0.4797300606073545;0.564801337263687;0.5212485771127815;0.495115241610862;0.4784693243428458;0.5892381722537076;0.5359730833485832;0.5153601840384;0.5078662019923217;0.6062321853933601;0.5564905661978699;0.5372052785750827;0.5305382669467749;0.6171136253302651;0.5774775151324107;0.5586902108927848;0.5513951687331989;0.3247888652927991;0.33165464854526494;0.38280522484930496;0.439256924330783;0.4670721789120013;0.4322287201103276;0.5261630642592434;0.5478091561624842;0.5503810801533607;0.4709803813962345;0.5522803973195137;0.5421113681722306;0.5231311674249849;0.49538709357555827;0.5607483705875802;0.5463452920205611;0.5250494794308286;0.5089305679040744;0.5499089313332766;0.541087837825445;0.5294141528858793;3.152064859007769e-07;-0.011523364350314359;-0.020947283153087422;-0.026026284344415992;-0.029843636952917668;-0.03849022398465477;-0.04658762406238753;-0.0449165930885555;-0.04134265075701315;-0.03283058646110473;-0.036416738051109565;-0.02943533775281051;-0.023878048839553436;-0.025509576190556833;-0.02355853840514966;-0.01452017260123942;-0.009806606038965557;-0.019053153998237093;-0.016896216159240026;-0.011080014754632623;-0.006727527306778961;0.3118890548928941;0.3498294128655454;0.38667664113902;0.41206642232005747;0.4275903765177006;0.35137687424892855;0.41030701268331954;0.44428374633915896;0.46552287581423635;0.3335370673352651;0.3935047693284302;0.4294069459847741;0.4455602388243091;0.324829960567939;0.37653131567425957;0.40846329734338666;0.42201601961140883;0.3246367738974617;0.3633340258770959;0.3896583308617626;0.4019355448973339;0.36888186894859837;0.36676181986220446;0.4080090156270296;0.4581413406231417;0.49647439428710555;0.43560940306236584;0.4983209731143042;0.5225350872799486;0.5388159468842162;0.4829718875472461;0.5698537095767277;0.5732497263116171;0.5547070267802963;0.5187191986370951;0.6050460439937001;0.6004132862865943;0.5795151418483409;0.5379703427648149;0.6084298864292464;0.6080290700042023;0.5895826211504777;-1.997999950934294e-07;-0.015383427819724932;-0.024503596815170118;-0.028245792668484454;-0.03027612447845786;-0.057060698102541836;-0.07468208854607267;-0.07587595962708164;-0.07288634767576489;-0.05195130373661397;-0.07291093584509209;-0.06753619524429356;-0.05859216929460664;-0.04526739179598254;-0.06203307237473036;-0.05352480938802578;-0.04178526687009611;-0.03882222496643999;-0.04734859650508362;-0.041448756077338604;-0.03345516676387088;0.9841455785817963;0.9933007024471835
1764173042.6745799;0.6368769727460829;0.5865915509048826;0.5445867787561992;0.5123573471219474;0.48109127299687265;0.565720436150412;0.5209004778018608;0.4948345579394954;0.4783091235204108;0.5885867974882527;0.5350521459443425;0.5130679323902483;0.5034897309496886;0.6040957481046577;0.5545895390867118;0.5338668505088813;0.5246678205677208;0.6132824945537618;0.5740168656191923;0.5542922571726594;0.5450743455144745;0.32329532960187096;0.3303287177065494;0.3821363441996795;0.44064466532901847;0.4709850138065768;0.4380674320783511;0.5266192364258653;0.540650048892178;0.5378035220384402;0.47466808782263287;0.5475737125439654;0.5370022678835064;0.5177300226256806;0.49560332921444783;0.5527290169749352;0.5388965383059996;0.5176357774523803;0.505786802871783;0.5419681543605386;0.5320619758085385;0.5182881842850902;3.143090009675261e-07;-0.012838245349042985;-0.021246212112408097;-0.02513022937628019;-0.027293171015264853;-0.03430582244222166;-0.041521974986877354;-0.03997093350979041;-0.036625410118160846;-0.02753362577817758;-0.030701568964567532;-0.02532909631115977;-0.021123688561633294;-0.019523834342239383;-0.01778152418728711;-0.010829886692300856;-0.0075452029536461195;-0.012519528153670852;-0.011240678754453481;-0.006883230267471034;-0.0033795524073945964;0.31154970852405867;0.34864856503947605;0.3846985961310661;0.40997619776782124;0.4265379151674915;0.3513531034164846;0.41150604584568473;0.44557284687590387;0.46693278893403256;0.3332853503067126;0.3941138581910257;0.42975208768056095;0.4459741850397297;0.3246174219479667;0.37691573569805686;0.4086300029207275;0.42253151394373867;0.324348975962665;0.36332035689904496;0.3896714402910044;0.4023765093266798;0.3676653798617778;0.36478537356513374;0.40511442966976374;0.4560724788450817;0.49510615756164456;0.4321246429906408;0.49554310304345156;0.5202058254748518;0.5377484876275345;0.47991563195192133;0.567144314291389;0.5715655243639868;0.5543424807311651;0.5161776480106016;0.6026673220706558;0.5984376393449652;0.5781770408230272;0.536259941942587;0.6068929057700686;0.6069865106695258;0.5890891990202783;-2.0578033273587824e-07;-0.015409183301851119;-0.025106588094537852;-0.029320048319908837;-0.03179548372162402;-0.05896628528669545;-0.0770581101465159;-0.0780614398701105;-0.07484433885407824;-0.05384522657628493;-0.07499249988071595;-0.06900784358403707;-0.0597059899179069;-0.04709662304956528;-0.06442606529039253;-0.055725594789775054;-0.043767610911534235;-0.04047522082702683;-0.04905858141268337;-0.042895354615931684;-0.0347734075534399;0.9834593719029747;0.9936886696107529
1764173042.7079132;0.6368437392883657;0.5857330965193407;0.5440991881760182;0.5133630638946919;0.482452495840609;0.5666395420958888;0.5205523758175101;0.49455387211245605;0.47814892146762084;0.5879354177201883;0.5341312014672301;0.5107756631374236;0.4991132262954138;0.6019592944079489;0.5526884973755162;0.5305283968032898;0.5187973291031769;0.6094513343538729;0.5705561895279133;0.5498942696759035;0.5387534737513305;0.32180178244047125;0.3290027766845808;0.3814674584129981;0.4420324169852139;0.474897878752032;0.44390618888814165;0.5270754120959252;0.5334908866393651;0.525225867326884;0.47835582257090664;0.5428669916207076;0.53189312835649;0.5123288363451594;0.4958195665140441;0.5447096017730237;0.5314477273844238;0.5102220185361177;0.5026430136951289;0.534027316402009;0.5230360444723019;0.5071621302359872;3.1341150914152043e-07;-0.014153136446161091;-0.02154514336752669;-0.02423416752637177;-0.024742685489833056;-0.030121388763255628;-0.0364562870067839;-0.035025235947970815;-0.03190813325052945;-0.02223662441417581;-0.024986355985077452;-0.021222823333251824;-0.018369307130009605;-0.013538046522953796;-0.012004465601501039;-0.007139572441676291;-0.005283782500573142;-0.005985852130344294;-0.005585097914694892;-0.0026864135486745315;-3.155179529970749e-05;0.3112103595490165;0.34746770814440253;0.382720535931571;0.4078859571624961;0.4254854457342965;0.35132933240147884;0.412705088216719;0.44686195731304224;0.4683427128820724;0.33303363134495345;0.39472295173147154;0.4300972320270632;0.4463881344342897;0.32440488169568116;0.37730015867423017;0.4087967097783803;0.42304701223510555;0.3240611758175575;0.36330668781601516;0.3896845498209277;0.40281747714266714;0.36644888143222526;0.3628089120888;0.40221982148185004;0.4540036011780004;0.4937379103280179;0.4286398561556843;0.4927652116383383;0.5178765457808413;0.5366810201726818;0.4768593528843132;0.5644348981976816;0.5698813094815531;0.5539779318822917;0.5136360778647995;0.60028858187884;0.5964619772302121;0.5768389295209926;0.5345495279843462;0.6053559133067584;0.6059439433279115;0.5885957731005583;-2.1176071630779045e-07;-0.015434938981781433;-0.025709584004926036;-0.030394312221701105;-0.033314854633588645;-0.06087188710590851;-0.07943414999499188;-0.08024693689779949;-0.0768023450699178;-0.05573916396143225;-0.07707407990291529;-0.07047950322615557;-0.06081981909543714;-0.0489258683517879;-0.0668190765844285;-0.05792639709372929;-0.0457499701775305;-0.042128229382751875;-0.05076857945310168;-0.0443419642645153;-0.036091658467201845;0.9827731599540319;0.9940766397539404
1764173042.7412462;0.6369488000704767;0.5853480043496108;0.5440657675452104;0.5143477197009089;0.48385853124768513;0.5674362005800512;0.5206044510816413;0.49504961034427397;0.47881147609374053;0.5873320762366457;0.534060383900241;0.5101210329125868;0.4968774469128273;0.600140588060156;0.5516037288353074;0.5287617741528429;0.5152192001924937;0.60636322907901;0.5681541206119034;0.5471703700630952;0.534722534400684;0.3209071873879966;0.3290837532329718;0.3818097728140486;0.44380240131713405;0.47851430320621846;0.45024480757080987;0.5264903050382237;0.5278373366323312;0.5166776125118328;0.4825918475693127;0.5385874174817489;0.5280478739016553;0.5096305992391833;0.49698834272551035;0.5384100291198943;0.5263674966236221;0.5063241971895326;0.5009936301378619;0.5285929565304028;0.5175115059516745;0.5007859283979704;3.1243501907095134e-07;-0.014857026676956066;-0.021210337619279453;-0.022839061160129334;-0.022007934912541077;-0.02525263506145315;-0.030387066425186897;-0.029171479808287895;-0.026462936851159823;-0.016623263219948052;-0.018479560726387578;-0.015977820161538005;-0.014237105081146183;-0.00757586637147986;-0.005936018414415616;-0.0026541250039200295;-0.0018372364850767027;0.00022971418623365415;0.00024226262961547654;0.002237497044092552;0.004422945963197907;0.31095577713362116;0.34689849562025776;0.38175332395624817;0.4066121047265242;0.42478037444194794;0.3523086039453106;0.41429126941229294;0.4483528316201088;0.46989885388831465;0.333708973657908;0.3960167647595406;0.43092949146502924;0.4469671387571896;0.3247669364190144;0.37835604245632165;0.4098308055808419;0.4243980066996247;0.32391007342491873;0.3638435503391059;0.3904560199916959;0.40408871281626285;0.36492439848057123;0.36082792087692656;0.3998391356653433;0.45211915203109054;0.49250592826775513;0.42482356124983384;0.49063391977781756;0.516623714621542;0.5364073463186341;0.4728990612508562;0.5612712095657535;0.5681062546948875;0.5534199820903275;0.510058505957323;0.5974160932091713;0.5947018167575943;0.5761325708528837;0.5320118575306432;0.6035381367794194;0.6050424134612066;0.5886072433805888;-2.1308912616727174e-07;-0.014973999353290626;-0.025340267184738325;-0.03023080010355471;-0.03334168248731247;-0.060874784233897444;-0.07971775590791365;-0.08039718955364865;-0.07670373766235251;-0.056035174122179135;-0.0773410392554253;-0.07026150787914513;-0.06016927623092558;-0.0495504480054934;-0.06767908703829907;-0.05837870898326052;-0.04573149251537696;-0.04301515046852968;-0.05169084967052226;-0.044898299968123105;-0.03626360219624284;0.9823601366009185;0.9941281817378099
1764173042.7745793;0.6372619789195525;0.5856752631726333;0.5447158198280897;0.5153006925661312;0.4853320206354753;0.5680485989897468;0.5212587474709531;0.496713782807802;0.4807121921195762;0.5868010198478663;0.5352689082925993;0.511930852649471;0.49786318588884887;0.5988000337406729;0.5517473445695656;0.529360555216307;0.5150907707158496;0.6043932999241012;0.5673451054231639;0.5469657478131499;0.5341376321686818;0.32091393571836685;0.33128197910830515;0.38367383062200117;0.446147622120473;0.4816846607684661;0.4573357338785681;0.5243381810204422;0.5244494937582254;0.5141930401949166;0.48765303500426055;0.5349506004397651;0.5261045760117545;0.5109999571625119;0.4995905934532497;0.534698547987495;0.5248516466285004;0.507717410611577;0.5015931353142719;0.5269304937779969;0.5172560952242781;0.5015576316557507;3.113396344836961e-07;-0.014641439333014547;-0.019921827032067834;-0.020692934331250745;-0.018995855114564364;-0.019354002518942943;-0.022807575078596;-0.021951132768576923;-0.01992224272527035;-0.010533752155633121;-0.010781450392142473;-0.009019098994866142;-0.008031394435414502;-0.001649144123803091;0.0005710050880625185;0.0030279578535721543;0.0033928264088181137;0.0059666339851145115;0.006328199132687518;0.008255656819004947;0.010542645568081568;0.31082875565437174;0.3472497306274871;0.3823073105883127;0.4065668074389122;0.42459808906495705;0.35479734996878953;0.4164600681420773;0.45014735447101223;0.47167505265883863;0.33577944388392195;0.3983410164588229;0.4324948124543258;0.4477945383690541;0.32599369437763387;0.3804224093756425;0.4121702334806141;0.42700634198753395;0.32396468360958414;0.365208905526984;0.3923687442238834;0.4066094203806012;0.3629364167876376;0.35884009004085665;0.398231816125188;0.4505122247187809;0.4914789953108148;0.42050834089171635;0.48947566089244965;0.5169907996565858;0.537328236957506;0.467578289381949;0.5574238566847668;0.5661944758323793;0.5525709797755788;0.5049218297477714;0.5938005369278473;0.5932659410144908;0.5763769187436077;0.5282292323013151;0.6012977916677362;0.6043531182795125;0.5893785242391507;-2.074168684222356e-07;-0.013780634190025096;-0.02350772777560804;-0.02820457619566892;-0.03112240579378797;-0.05801433066964233;-0.07685249378112759;-0.07748463631436844;-0.07351016322877882;-0.0539264918525858;-0.07487720724298921;-0.06750077447322832;-0.05686354977630284;-0.048362152261418996;-0.06623211828715032;-0.0561997500437048;-0.042701986235359944;-0.042749208674905184;-0.05142769118603337;-0.04411488267487516;-0.03471048804150197;0.9823582257473115;0.9936734388078226
1764173042.807912;0.6375751577686283;0.586002521995656;0.5453658721109689;0.5162536654313534;0.4868055100232655;0.5686609973994424;0.5219130438602649;0.49837795527132994;0.4826129081454119;0.5862699634590867;0.5364774326849575;0.5137406723863553;0.49884892486487037;0.5974594794211898;0.5518909603038239;0.5299593362797711;0.5149623412392055;0.6024233707691923;0.5665360902344242;0.5467611255632047;0.5335527299366796;0.32092068404873714;0.33348020498363856;0.38553788842995373;0.44849284292381186;0.48485501833071376;0.4644266601863263;0.5221860570026605;0.5210616508841196;0.5117084678780006;0.49271422243920837;0.5313137833977812;0.5241612781218538;0.5123693150858406;0.502192844180989;0.5309870668550958;0.5233357966333785;0.5091106240336214;0.5021926404906818;0.525268031025591;0.5170006844968815;0.5023293349135312;3.1024424989644087e-07;-0.014425851989073028;-0.01863331644485622;-0.01854680750237216;-0.015983775316587654;-0.013455369976432738;-0.01522808373200511;-0.014730785728865953;-0.013381548599380878;-0.004444241091318189;-0.003083340057897368;-0.0020603778281942757;-0.0018256837896828224;0.004277578123873678;0.007078028590540655;0.008710040711064338;0.00862288930271293;0.011703553783995369;0.01241413563575956;0.01427381659391734;0.016662345172965227;0.3107017341751223;0.3476009656347165;0.38286129722037715;0.4065215101513002;0.4244158036879661;0.3572860959922684;0.41862886687186174;0.4519418773219156;0.4734512514293626;0.33784991410993587;0.4006652681581052;0.43406013344362243;0.4486219379809186;0.32722045233625335;0.3824887762949633;0.41450966138038625;0.42961467727544317;0.3240192937942496;0.3665742607148621;0.394281468456071;0.4091301279449396;0.3609484350947039;0.3568522592047867;0.3966244965850327;0.4489052974064712;0.4904520623538744;0.41619312053359886;0.48831740200708174;0.5173578846916297;0.5382491275963779;0.4622575175130419;0.5535765038037801;0.5642826969698711;0.55172197746083;0.49978515353821984;0.5901849806465234;0.5918300652713874;0.5766212666343317;0.5244466070719871;0.5990574465560532;0.6036638230978184;0.5901498050977128;-2.017446106771995e-07;-0.012587269026759565;-0.021675188366477756;-0.026178352287783133;-0.02890312910026347;-0.055153877105387224;-0.07398723165434151;-0.07457208307508825;-0.07031658879520514;-0.05181780958299247;-0.07241337523055313;-0.0647400410673115;-0.053557823321680104;-0.0471738565173446;-0.06478514953600156;-0.054020791104149084;-0.039672479955342926;-0.042483266881280686;-0.051164532701544474;-0.043331465381627216;-0.033157373886761106;0.9823563148937043;0.9932186958778351
1764173042.8412452;0.6378232626794911;0.586847602428288;0.5468209345310665;0.5178409044607148;0.48873254882479766;0.5697022757802759;0.5224404035763278;0.499023208552995;0.48304566630570506;0.5863781141919422;0.5372082405823755;0.5141656988153412;0.49816633753869277;0.5967346207005975;0.5516633374927158;0.52948406043772;0.5135814750146506;0.6010027901809882;0.5655920677204064;0.5458294161471315;0.5319779640042666;0.3210708513845235;0.33389853721936197;0.3861314662640114;0.44930455373726336;0.4862055197192022;0.46911826581471183;0.5212012572853599;0.5191399853146504;0.5101198978013027;0.49579906738042695;0.5290362229331335;0.522603610065486;0.5122648193920968;0.5033105880491715;0.5277940656470302;0.5210988390895664;0.5081147718228204;0.5015795462751216;0.5226286285741631;0.5149527559700199;0.500612848809359;3.1823150758231347e-07;-0.015293553804556949;-0.019164419865144854;-0.01864106247700911;-0.015638097394372254;-0.011216507006583203;-0.012235521475107806;-0.012045486843436454;-0.011099937693516419;-0.0015399595356028893;0.000567453090139906;0.0011498630964484233;0.0009684758314969663;0.0075792412117280045;0.01047053488004349;0.011365959828905092;0.010870309822538868;0.01531898591213642;0.015943228127283746;0.017421091168582623;0.01963649962641415;0.31053803972067995;0.3478558256402095;0.3836201805956668;0.407649335270267;0.4258729776899248;0.3592205396189649;0.42070150695752845;0.45353958606292005;0.4749072586661895;0.3395697482432136;0.40304422285754815;0.4359136896200441;0.4498876338317585;0.328345375009817;0.3845198150523604;0.4166120617564656;0.4316519474602203;0.32430552841043475;0.36794555555273645;0.39590251526060205;0.41096755641179;0.3595169355000284;0.3559711545339839;0.3961488087185792;0.448056918865462;0.4897080716795583;0.4121245941337478;0.4858114479211393;0.5161965581176234;0.5375670834002789;0.45751841775433183;0.5488177114860905;0.5609984658428708;0.5493248768882444;0.49545454034518804;0.5863508860194377;0.5896576349943131;0.5755359715414896;0.5213382261148976;0.596884168922869;0.6027101610916759;0.590168154640378;-1.8792939503889463e-07;-0.011774471677975542;-0.020466336910864306;-0.02480182465406932;-0.02734787871315679;-0.053999679358629815;-0.07271262818710152;-0.07306703577207693;-0.06845967478286495;-0.05107513980699613;-0.07138173673873299;-0.06341363518761349;-0.05181551640847574;-0.04687085581118728;-0.06422002876878462;-0.05296046802966973;-0.03804159572129007;-0.04259782199008079;-0.05126158870408941;-0.04310802754078749;-0.032424673019636696;0.9832881529005632;0.9926227314948881
1764173042.8745782;0.6379871597887038;0.5883627609380991;0.5493177063639165;0.5202489046244106;0.4912464953826421;0.571298538852879;0.5228035030908934;0.4983499471309218;0.4815788390379891;0.5873134198195255;0.5373208677310068;0.5127987574704318;0.495324881482553;0.5968064921963113;0.5509553198776107;0.527618919876483;0.5105799147281749;0.6002930845822543;0.5644733413175421;0.543956832188206;0.5291222821101947;0.3214066075980174;0.3320136289462308;0.3850810015123535;0.44813185253258114;0.4852010677742938;0.47070507211156304;0.5217270133428569;0.5191156010692172;0.5096907838908438;0.4963264605786723;0.5285175848788907;0.521544959610086;0.5102531089752826;0.5025073315505271;0.5252719943969001;0.5179287448231867;0.5040273906456664;0.49939730883749234;0.5187250342410289;0.5105852508590905;0.49567656439554986;3.379720010488851e-07;-0.017563067177353002;-0.022050163247780932;-0.021634444686174665;-0.01874283059587146;-0.013713505408018942;-0.01517859528966728;-0.01522868840437961;-0.014329719594861338;-0.0027574690077003692;-0.0010191144040574026;-0.0004905518540398322;-0.0006520230094400426;0.0074839920007285995;0.009832754162047777;0.010105924219743635;0.009258093684026731;0.016189143697168933;0.016163680950030006;0.016853346518318824;0.0185402159064883;0.3103268892384364;0.3479859732454219;0.38464420704952396;0.41029521910271344;0.4294516656802395;0.36043769783825674;0.42264971461674034;0.4548826109168958;0.47594892759954055;0.34083584781916515;0.40549396502604096;0.43814023154364184;0.4517204993325264;0.32933851949812754;0.3865051380142541;0.4184077407745191;0.4329502407480323;0.32489149260688494;0.36932453649172126;0.39714612194627075;0.41192079940757353;0.35880554191766567;0.3565221896716088;0.3971374892019919;0.4481901272120737;0.4893302175611047;0.4083752977740093;0.4815615322239669;0.513057416996823;0.534810789168786;0.4535320207062007;0.5428794867656641;0.5559382366552564;0.5449244866022811;0.49216699902511646;0.5822339956345076;0.5865320790911518;0.5727300749958919;0.5191023392698849;0.5947976787975829;0.6014143997793071;0.5892121864662058;-1.6357692590167674e-07;-0.011454141512158763;-0.020064558039508944;-0.024266025221088134;-0.026651900056591096;-0.05505343237357666;-0.07349638898326187;-0.07338334712596717;-0.06833244301684269;-0.05210013481772457;-0.07220340344436522;-0.06394329597832403;-0.052096325450064374;-0.0477134558017465;-0.06479604809783122;-0.053347696304194565;-0.038220574099897334;-0.043204752519330196;-0.051824774019054574;-0.04360922140276985;-0.03275361374501485;0.9854282924332326;0.9918440219388941
1764173042.907911;0.6381510568979165;0.5898779194479101;0.5518144781967665;0.5226569047881064;0.49376044194048657;0.5728948019254819;0.523166602605459;0.49767668570884865;0.48011201177027313;0.5882487254471087;0.5374334948796382;0.5114318161255225;0.49248342542641327;0.5968783636920252;0.5502473022625055;0.525753779315246;0.5075783544416992;0.5995833789835203;0.5633546149146779;0.5420842482292805;0.5262666002161229;0.32174236381151133;0.3301287206730997;0.38403053676069565;0.44695915132789893;0.4841966158293854;0.4722918784084142;0.5222527694003538;0.519091216823784;0.5092616699803849;0.49685385377691765;0.5279989468246478;0.5204863091546859;0.5082413985584685;0.5017040750518826;0.5227499231467699;0.5147586505568071;0.4999400094685123;0.4972150713998631;0.5148214399078946;0.5062177457481609;0.4907402799817407;3.5771249451545675e-07;-0.019832580550149057;-0.024935906630417014;-0.024627826895340217;-0.02184756379737066;-0.01621050380945468;-0.018121669104226752;-0.018411889965322767;-0.017559501496206262;-0.003974978479797849;-0.0026056818982547114;-0.002130966804528088;-0.0022725218503770513;0.0073887427897291955;0.009194973444052065;0.008845888610582177;0.007645877545514592;0.017059301482201448;0.016384133772776262;0.01628560186805502;0.01744393218656245;0.31011573875619275;0.3481161208506343;0.38566823350338103;0.4129411029351599;0.4330303536705542;0.3616548560575486;0.4245979222759522;0.45622563577087155;0.4769905965328916;0.3421019473951166;0.40794370719453377;0.4403667734672395;0.4535533648332943;0.3303316639864381;0.38849046097614787;0.42020341979257253;0.43424853403584435;0.3254774568033351;0.370703517430706;0.3983897286319395;0.412874042403357;0.3580941483353029;0.3570732248092337;0.3981261696854045;0.44832333555868537;0.48895236344265103;0.4046260014142709;0.4773116165267945;0.5099182758760225;0.5320544949372931;0.4495456236580696;0.5369412620452376;0.5508780074676419;0.5405240963163179;0.48887945770504493;0.5781171052495775;0.5834065231879905;0.5699241784502943;0.5168664524248722;0.5927111886722969;0.6001186384669382;0.5882562182920336;-1.3922445676445884e-07;-0.011133811346341983;-0.01966277916815358;-0.02373022578810695;-0.0259559214000254;-0.0561071853885235;-0.07428014977942222;-0.07369965847985742;-0.06820521125082042;-0.053125129828453;-0.07302507014999744;-0.06447295676903457;-0.052377134491653;-0.04855605579230571;-0.06537206742687784;-0.0537349245787194;-0.038399552478504594;-0.0438116830485796;-0.05238795933401974;-0.04411041526475221;-0.033082554470393;0.987568431965902;0.9910653123829001
1764173042.9412441;0.6407937251203777;0.5940891700416114;0.5572431501202227;0.528768703686241;0.5005950343179826;0.580580978078932;0.5302606932403905;0.502906478717987;0.48452634510569015;0.5958503278382538;0.5454607096204619;0.517079811884791;0.4973779401670895;0.6036222832981296;0.5584093185705105;0.5317010338120514;0.5125590701233963;0.6052421802828837;0.5703299607899625;0.5475436267223538;0.5305574942881365;0.32253227309477867;0.33008055857541524;0.384703229815917;0.44823346846922907;0.4864045005122514;0.4720483464927069;0.5261201773225086;0.5234040017299603;0.5120846084171417;0.4965050985339164;0.5377803613920955;0.5297797715551544;0.5142964201292219;0.5018163495525501;0.5340364275064444;0.5263580044519217;0.5099634397407833;0.4976399894340894;0.5234918525919714;0.5169783380160295;0.5018087234523629;3.793841063176219e-07;-0.021700433106660397;-0.028323773451104702;-0.029268339941886184;-0.027713278892682186;-0.021325440105328497;-0.025615689423710907;-0.026572933477998342;-0.025659778486576506;-0.008846555627010944;-0.01063303716840648;-0.010701875054918226;-0.010373549133853572;0.0027856138848476476;0.0020391026586804376;0.0012094767152905604;0.0004285719655070623;0.012697340262975528;0.01021247162406221;0.00944161628657866;0.010488725137268718;0.3108896672623527;0.35004772814094454;0.38760200426327235;0.41445161247723306;0.4327809434470296;0.36475540571163734;0.42764150123363287;0.4592858255420266;0.48066402684447085;0.34443330979285935;0.4070081142604912;0.43959124974951136;0.4551011996332559;0.3318547692274373;0.3854412338421093;0.4162733771653898;0.4316711017946555;0.3265657562829535;0.3680087892847788;0.393931848198916;0.4087442937015772;0.3584302163777846;0.35661138171504064;0.39797683745852475;0.44942248304276355;0.4901291893503047;0.4059162125336173;0.47680876422561735;0.5107602525595017;0.5347158176937773;0.4506636518337018;0.5379585484816871;0.5582813672663927;0.5553150435441973;0.4894923653578084;0.5795843078217756;0.5937363078375606;0.5885537112484452;0.5166926186311521;0.5940518703538328;0.6082971966869318;0.6036387719756635;-7.874116513649506e-08;-0.011485604472751997;-0.020282907962109478;-0.024498926365513384;-0.027139861176577244;-0.05680943389950699;-0.07489483590272111;-0.07498316585557925;-0.07036129792556864;-0.054012096119085314;-0.07389441092323823;-0.06745361365639656;-0.057542808264519456;-0.049511565928185355;-0.06641436290337466;-0.05783567580473448;-0.045304381790560504;-0.0447174379220607;-0.05403411866587861;-0.047817844824088136;-0.03872062067637708;0.9899595820096792;0.9886919137955529
1764173042.9745772;0.6458652241871785;0.6009421940437298;0.5655446525904473;0.5385096801874831;0.511663223649287;0.5942343726863383;0.5439501644486803;0.513920396207886;0.4947033501928708;0.6099839198553557;0.5612430552652248;0.5296014134879656;0.5098525676425774;0.6169038280035509;0.5752626625560257;0.5453032855708965;0.5253612413545417;0.6171411809712974;0.5852363061433389;0.560187249237707;0.5418509809129963;0.32376718554030715;0.3318321373817231;0.38706436389283805;0.45190550341665026;0.4917600022712724;0.470011352533459;0.5332619122192465;0.531966574023219;0.518094079489408;0.495297846777483;0.5576543114793311;0.5492167808422366;0.5282556517174745;0.5028257096768931;0.5588533034999633;0.5524292436521306;0.5338133882840816;0.500619536087387;0.5444829414034711;0.5425622390329039;0.5285594445375678;4.029479298502251e-07;-0.023174717183072548;-0.03220364733427884;-0.03552279877031992;-0.03628434985909975;-0.02900557020735571;-0.03756896747095487;-0.03961152942219763;-0.03853242378324302;-0.017298581259035724;-0.024971416448993446;-0.02606364665018227;-0.024824540431648865;-0.006234573611912063;-0.011503537004709788;-0.012674845411040098;-0.012280896262364178;0.00320867252741263;-0.002222522350760675;-0.003552161616891869;-0.002207364408570278;0.31262882818483273;0.3537445007684714;0.390427190539162;0.41484962232879824;0.428780560426041;0.3697014017582352;0.4317583828377361;0.4640285841850601;0.4869161959416597;0.3478084729615026;0.40275539120841686;0.435874143572873;0.45636974629967353;0.3338971580019342;0.3774588886420189;0.4067329700863525;0.4252960289973382;0.3281462704020914;0.3613224258388361;0.3838873495830071;0.3996339612941945;0.3597926426382907;0.3551570670377106;0.39671242027796144;0.4514681087064099;0.49282937285249623;0.41214439922483537;0.4799774825278118;0.5155031387163501;0.54268560768747;0.4567832654158438;0.5457912120805037;0.5778972097746035;0.588910676791137;0.4939271389026509;0.586523099577599;0.617250345757188;0.6281868097544164;0.5185392933171683;0.598750675965719;0.6257591935376002;0.6350306722371397;1.714501449022422e-08;-0.01249597949671374;-0.021904355854996786;-0.026545844945677917;-0.030165844315178273;-0.05716725973403299;-0.07534385373246613;-0.07721438297254808;-0.07475470059401712;-0.05476381458026602;-0.0748104652656601;-0.07283588595999665;-0.0674949304780433;-0.05057771138740219;-0.06791354037387808;-0.06557513293527442;-0.05879955504937256;-0.045915996669376825;-0.05674143313295395;-0.05466691344575354;-0.04956084841104961;0.9925966854084768;0.984755954677393
1764173043.0079103;0.6509367232539793;0.6077952180458484;0.5738461550606718;0.5482506566887253;0.5227314129805914;0.6078877672937444;0.5576396356569702;0.5249343136977849;0.5048803552800515;0.6241175118724577;0.5770254009099877;0.5421230150911402;0.5223271951180652;0.6301853727089723;0.5921160065415407;0.5589055373297417;0.5381634125856871;0.6290401816597112;0.6001426514967154;0.5728308717530602;0.5531444675378563;0.3250020979858357;0.33358371618803107;0.38942549796975906;0.45557753836407144;0.4971155040302934;0.46797435857421116;0.5404036471159843;0.5405291463164777;0.5241035505616743;0.4940905950210497;0.5775282615665666;0.5686537901293187;0.5422148833057271;0.5038350698012362;0.5836701794934822;0.5785004828523397;0.5576633368273801;0.5035990827406847;0.5654740302149708;0.5681461400497784;0.5553101656227726;4.2651175338282827e-07;-0.0246490012594847;-0.03608352121745298;-0.041777257598753656;-0.044855420825517314;-0.036685700309382924;-0.049522245518198824;-0.05265012536639692;-0.05140506907990955;-0.025750606891060505;-0.03930979572958041;-0.041425418245446315;-0.03927553172944416;-0.015254761108671772;-0.025046176668100016;-0.026559167537370757;-0.024990364490235416;-0.006279995208150268;-0.014657516325583562;-0.016545939520362398;-0.014903453954409267;0.31436798910731284;0.3574412733959983;0.39325237681505165;0.4152476321803635;0.42478017740505236;0.37464739780483297;0.43587526444183927;0.4687713428280936;0.4931683650388485;0.35118363613014586;0.3985026681563425;0.43215703739623473;0.4576382929660911;0.3359395467764311;0.3694765434419284;0.39719256300731526;0.41892095620002096;0.3297267845212293;0.35463606239289347;0.3738428509670982;0.39052362888681175;0.36115506889879684;0.3537027523603806;0.3954480030973981;0.45351373437005627;0.4955295563546878;0.4183725859160534;0.48314620083000626;0.5202460248731986;0.5506553976811627;0.4629028789979859;0.5536238756793205;0.5975130522828143;0.6225063100380768;0.49836191244749334;0.5934618913334224;0.6407643836768153;0.6678199082603876;0.5203859680031845;0.603449481577605;0.6432211903882686;0.6664225724986158;1.1303119411694353e-07;-0.013506354520675482;-0.023525803747884093;-0.028592763525842446;-0.033191827453779306;-0.057525085568558995;-0.07579287156221115;-0.07944560008951691;-0.0791481032624656;-0.05551553304144672;-0.07572651960808197;-0.07821815826359675;-0.07744705269156713;-0.05164385684661903;-0.0694127178443815;-0.07331459006581437;-0.07229472830818462;-0.047114555416692946;-0.059448747600029286;-0.061515982067418956;-0.06040107614572214;0.9952337888072744;0.980819995559233
1764173043.041243;0.6584296587666004;0.6176187104286552;0.586961414548959;0.5642666874691397;0.5411869115732785;0.6261275107227429;0.5788096116170263;0.5454980804031956;0.5253310184190656;0.6431027025850552;0.6012833757282404;0.5651140663414922;0.5449257122563854;0.6488500999285688;0.6163174580763202;0.5817819108937442;0.5605503366162121;0.6468324786100895;0.6220429620219863;0.5940783674259642;0.5738939190597204;0.3296320768954831;0.3420691470049775;0.39971875939127127;0.46723207811900347;0.5112701639682308;0.47036040982187205;0.5493853873619052;0.5535930941616027;0.5389037952730575;0.49444229557700714;0.5904568423179822;0.5838881885920223;0.5562507382905566;0.5043381451313027;0.5973183639465197;0.5949560577369315;0.5744654145862753;0.5052151032734516;0.576738146333189;0.583244353032231;0.5724324577413668;4.3319174949441056e-07;-0.026619676951530547;-0.03958900415678336;-0.0463767154170507;-0.05043687013853749;-0.0416095938719344;-0.056042969184699275;-0.05943619641443333;-0.05809749350760186;-0.03030015092641785;-0.04651059729709807;-0.04892428001495039;-0.046206134616249415;-0.01933996727501902;-0.03141927893416181;-0.033134595180698216;-0.030993375066922117;-0.009917177439865367;-0.02008514957112033;-0.02247544048832323;-0.0208408308277791;0.31361557735012174;0.35841668810707156;0.3949123166336177;0.4168210263242666;0.42739871499675897;0.3741035230716023;0.43193574965433246;0.46376077003737876;0.4881113732837086;0.3498587740413822;0.3896004336536804;0.41997094973060317;0.44474789512789503;0.33433018998598;0.35980368705206905;0.3837180896557368;0.4037164758764603;0.3283694214125113;0.3466784481986963;0.3620561834434683;0.37707458990108156;0.3630816129447416;0.35435406172801354;0.39809281806778146;0.4597625724501907;0.5009723170802148;0.42467602786622977;0.48878287992423225;0.527495984258427;0.5613124195506097;0.4688938482730482;0.5612939132397858;0.6149393676607386;0.6516591104696196;0.5022639939964308;0.5985206663091249;0.6575580159421676;0.6965170144385854;0.5225018966214214;0.6067353320585882;0.6546350402971572;0.6876980215727005;2.009380384905537e-07;-0.017287226465158158;-0.02881105854120969;-0.03438694460179651;-0.039805814808361255;-0.061879641032903686;-0.08095806912290296;-0.08650296800839356;-0.0883626852584514;-0.05828574608807473;-0.0800678466088036;-0.08645603629023081;-0.08956396290917945;-0.05273469639245064;-0.07164571315915763;-0.07979622865270619;-0.0828226502884481;-0.0466227107311296;-0.06063459448157169;-0.06610088914896062;-0.06833731434036779;0.9944111824690216;0.9777545461821421
1764173043.0745761;0.6686890338215032;0.630835899640309;0.6055762888566616;0.5874518340518013;0.5680822535849537;0.6496070599524064;0.6085259048579821;0.5769723463448032;0.5575191169665266;0.6676307414271871;0.6352245762746487;0.6000662407259554;0.5790905576100517;0.673664998463312;0.6489139659093205;0.6152537710029387;0.5938876364837615;0.6713577409627285;0.6519337287255595;0.6251556048461322;0.6054466089844164;0.3381408468967678;0.3582478602561007;0.4190743072826061;0.4880064595216779;0.5354776746291204;0.47779969597016964;0.5604692945115979;0.5717997676573799;0.5637473115493337;0.4965750659310071;0.5954504865983086;0.594321193739014;0.5703741338732493;0.5042628008720549;0.5982065563021103;0.6004259410358742;0.5832154501532222;0.5052733242681465;0.576889403416086;0.5863628908691608;0.5785544749325466;4.2058233254574107e-07;-0.02915746948709984;-0.042666753420464575;-0.049085369846779914;-0.05260274041676744;-0.04338454591927514;-0.056357115230536894;-0.059078891000244486;-0.05772914728344495;-0.030391192893433297;-0.045556868418182364;-0.04743993485497818;-0.04454485399135112;-0.017787062428194056;-0.029601337495535666;-0.03135976661843839;-0.029334400681376677;-0.0068691621695456465;-0.017507022499473394;-0.02033415558628628;-0.019056522490572828;0.3100165968979689;0.3562830093865274;0.39524098720429235;0.41973727197654337;0.4375792283495027;0.3672875879530779;0.4187919736587653;0.44760722391202346;0.4701339062355201;0.3431642332463045;0.37538623139262395;0.3981092311747016;0.41568120489839944;0.3285487917006291;0.34819945765007926;0.3657490294166512;0.37842458559519315;0.32365559617259054;0.33726845711300685;0.3482791250656937;0.3586686711007201;0.3656526495400721;0.357411001699423;0.4052038474709269;0.4708134911522033;0.5095484138433213;0.4310654473461927;0.4972391516349246;0.5376102213852245;0.5750395465773486;0.47473784416848325;0.5687781540167441;0.6298641949477498;0.6757360690794714;0.5055574862908898;0.6014315621737907;0.6666737279489671;0.7127199824113943;0.5249254421198354;0.6084069114104043;0.659139011201725;0.6974156407311282;2.797286623647872e-07;-0.024233332106329053;-0.03828213464822423;-0.044462293230818586;-0.05051902052487765;-0.07080037493518566;-0.09151140153170131;-0.09907411038063624;-0.10308536190426931;-0.06336204618757671;-0.08832247463436689;-0.0979563830068872;-0.10415409729317668;-0.05385374840604682;-0.07471707972449135;-0.08484083635564897;-0.08996055091050803;-0.04419961614338571;-0.0600821970667652;-0.06809903991669355;-0.07295580636506105;0.9896359314772554;0.9756836356350055
1764173043.1079092;0.6789484088764061;0.6440530888519628;0.6241911631643642;0.6106369806344629;0.5949775955966289;0.6730866091820699;0.6382421980989379;0.6084466122864108;0.5897072155139875;0.6921587802693192;0.6691657768210568;0.6350184151104186;0.6132554029637178;0.6984798969980551;0.6815104737423208;0.6487256311121331;0.627224936351311;0.6958830033153675;0.6818244954291328;0.6562328422663002;0.6369992989091123;0.34664961689805257;0.37442657350722397;0.4384298551739409;0.5087808409243524;0.5596851852900101;0.4852389821184672;0.5715532016612905;0.590006441153157;0.5885908278256097;0.49870783628500703;0.6004441308786349;0.6047541988860057;0.584497529455942;0.5041874566128071;0.5990947486577008;0.6058958243348169;0.5919654857201692;0.5053315452628414;0.577040660498983;0.5894814287060907;0.5846764921237265;4.0797291559707157e-07;-0.03169526202266914;-0.04574450268414579;-0.051794024276509136;-0.05476861069499739;-0.04515949796661587;-0.056671261276374514;-0.058721585586055634;-0.057360801059288036;-0.03048223486044874;-0.04460313953926665;-0.04595558969500597;-0.04288357336645283;-0.01623415758136909;-0.02778339605690952;-0.02958493805617856;-0.027675426295831237;-0.0038211468992259265;-0.01492889542782646;-0.018192870684249334;-0.017272214153366557;0.306417616445816;0.3541493306659832;0.39556965777496705;0.4226535176288202;0.44775974170224636;0.36047165283455357;0.40564819766319815;0.4314536777866682;0.4521564391873316;0.33646969245122677;0.3611720291315675;0.3762475126188001;0.3866145146689038;0.3227673934152782;0.3365952282480895;0.3477799691775656;0.353132695313926;0.31894177093266984;0.3278584660273174;0.33450206668791904;0.34026275230035863;0.3682236861354026;0.3604679416708325;0.41231487687407237;0.4818644098542158;0.5181245106064277;0.43745486682615564;0.505695423345617;0.547724458512022;0.5887666736040875;0.4805818400639183;0.5762623947937024;0.6447890222347609;0.6998130276893232;0.5088509785853489;0.6043424580384565;0.6757894399557667;0.7289229503842034;0.5273489876182493;0.6100784907622203;0.6636429821062928;0.7071332598895559;3.585192862390206e-07;-0.031179437747499948;-0.047753210755238765;-0.054537641859840655;-0.061232226241394044;-0.07972110883746764;-0.1020647339404997;-0.11164525275287891;-0.11780803855008724;-0.06843834628707869;-0.09657710265993018;-0.10945672972354359;-0.1187442316771739;-0.054972800419643;-0.07778844628982505;-0.08988544405859175;-0.09709845153256798;-0.041776521555641814;-0.05952979965195872;-0.07009719068442648;-0.07757429838975431;0.984860680485489;0.9736127250878688
1764173043.141242;0.6892077839313089;0.6572702780636165;0.6428060374720668;0.6338221272171245;0.6218729376083041;0.6965661584117334;0.6679584913398936;0.6399208782280185;0.6218953140614486;0.7166868191114513;0.7031069773674651;0.6699705894948818;0.6474202483173841;0.7232947955327982;0.714106981575321;0.6821974912213276;0.6605622362188605;0.7204082656680064;0.711715262132706;0.6873100796864682;0.6685519888338083;0.3551583868993373;0.3906052867583472;0.4577854030652757;0.5295552223270268;0.5838926959508997;0.49267826826676486;0.5826371088109831;0.6082131146489341;0.6134343441018858;0.500840606639007;0.6054377751589612;0.6151872040329973;0.5986209250386347;0.5041121123535592;0.5999829410132914;0.6113657076337596;0.600715521287116;0.5053897662575362;0.5771919175818799;0.5925999665430206;0.5907985093149064;3.953634986484021e-07;-0.034233054558238434;-0.048822251947826995;-0.05450267870623836;-0.05693448097322734;-0.0469344500139566;-0.05698540732221213;-0.05836428017186679;-0.056992454835131115;-0.030573276827464184;-0.04364941066035095;-0.04447124453503376;-0.041222292741554534;-0.014681252734544122;-0.025965454618283375;-0.027810109493918732;-0.026016451910285798;-0.0007731316289062064;-0.012350768356179521;-0.016051585782212385;-0.015487905816160288;0.3045982525130591;0.35265386999527354;0.3949592296847898;0.4230689745950117;0.4516033283145919;0.3563280639233268;0.3984025819096155;0.4227089153217115;0.44221347375879066;0.33247312750561875;0.35365930087029984;0.36541489630369334;0.3724545813809664;0.31944401976890535;0.3308780914089449;0.33948597813783205;0.3418868832183309;0.31626870286081243;0.3231094526204535;0.32760019113262034;0.33110712772509937;0.3692649214867103;0.3620763952897436;0.41618634259586923;0.4875045222307671;0.5219175534849628;0.4409299650022259;0.5096466428986887;0.5525913616600252;0.5954678261140908;0.48392441947138154;0.5806082592983988;0.6521325530557962;0.7109605227961397;0.5110022033294263;0.6065939178492804;0.6804020197143757;0.7361665162172443;0.5288319276644441;0.610849129589024;0.6652678291561964;0.7106381669285691;3.934786076893912e-07;-0.03412239858775322;-0.05194144785823491;-0.05918349070979122;-0.06640865196698637;-0.08331761121145255;-0.10617405408241934;-0.11659759112324489;-0.12372241349031692;-0.07042332017584542;-0.09989635300603093;-0.11423676277076424;-0.12486075143976957;-0.05526053773737628;-0.07885601889461896;-0.09184100973137706;-0.09998876612468661;-0.040522732819645274;-0.059064599472195035;-0.07070532146759713;-0.07927209240419987;0.9840929387417992;0.9715418145407321
1764173043.174575;0.6994671589862118;0.6704874672752702;0.6614209117797694;0.6570072737997862;0.6487682796199793;0.7200457076413969;0.6976747845808494;0.6713951441696261;0.6540834126089096;0.7412148579535833;0.7370481779138732;0.7049227638793449;0.6815850936710502;0.7481096940675414;0.7467034894083213;0.715669351330522;0.6938995360864099;0.7449335280206453;0.7416060288362792;0.7183873171066363;0.7001046787585041;0.36366715690062207;0.40678400000947046;0.47714095095661047;0.5503296037297013;0.6081002066117893;0.5001175544150624;0.5937210159606757;0.6264197881447112;0.6382778603781618;0.5029733769930069;0.6104314194392875;0.6256202091799891;0.6127443206213274;0.5040367680943113;0.600871133368882;0.6168355909327023;0.6094655568540629;0.5054479872522311;0.577343174664777;0.5957185043799504;0.5969205265060863;3.827540816997326e-07;-0.036770847093807735;-0.0519000012115082;-0.057211333135967574;-0.05910035125145729;-0.048709402061297334;-0.057299553368049747;-0.05800697475767794;-0.0566241086109742;-0.03066431879447963;-0.04269568178143524;-0.042986899375061546;-0.03956101211665623;-0.013128347887719157;-0.02414751317965723;-0.026035280931658907;-0.024357477524740358;0.0022748836414135144;-0.009772641284532585;-0.013910300880175438;-0.013703597478954017;0.30428205516436857;0.35169748503857495;0.39355558479158287;0.4213721214394639;0.4500943817165376;0.3544416924946785;0.3961388919173363;0.420222038140191;0.4390569110314228;0.3307554283141437;0.3518070234256446;0.36389809480595026;0.3708857533492078;0.318196835267696;0.3301335319320166;0.3393641076423221;0.3425051975431019;0.31531937580157937;0.3222973693440582;0.3265054908678727;0.32976483429191955;0.3690139986201011;0.36246137393029765;0.41732148629565496;0.48857435602615046;0.5216705536404079;0.44194345959600806;0.5097926359948213;0.5530260643837277;0.5962344359858615;0.48515415847948273;0.582303270493253;0.6530724843443756;0.7111870485391383;0.512188603127745;0.6082883799981587;0.6812109946821004;0.7358424551132846;0.529520378184858;0.6108587821715052;0.6644608024161285;0.7088954595784456;3.9141548727008337e-07;-0.03368407282477767;-0.05166749494821742;-0.059243271411270094;-0.06690839449989341;-0.0824169610630024;-0.10484039041220095;-0.1151146489366181;-0.12219678962074185;-0.06979718194591657;-0.09904689918094711;-0.11334043193158494;-0.12381996837542247;-0.05484609879519905;-0.0782310717402348;-0.09118739263590778;-0.09929132497641578;-0.04025660713562828;-0.058673051098037096;-0.07013936133331121;-0.07850289670299389;0.9867101700647167;0.9694709039935954
1764173043.2079082;0.7097265340411146;0.683704656486924;0.680035786087472;0.6801924203824478;0.6756636216316545;0.7435252568710604;0.7273910778218051;0.7028694101112336;0.6862715111563705;0.7657428967957153;0.7709893784602815;0.739874938263808;0.7157499390247165;0.7729245926022845;0.7792999972413216;0.7491412114397165;0.7272368359539594;0.7694587903732842;0.7714967955398524;0.7494645545268043;0.7316573686832001;0.3721759269019068;0.42296271326059376;0.49649649884794533;0.5711039851323758;0.632307717272679;0.50755684056336;0.6048049231103684;0.6446264616404883;0.6631213766544379;0.5051061473470069;0.6154250637196138;0.6360532143269807;0.6268677162040203;0.5039614238350635;0.6017593257244725;0.6223054742316451;0.6182155924210099;0.5055062082469259;0.577494431747674;0.5988370422168803;0.6030425436972662;3.7014466475106304e-07;-0.03930863962937703;-0.054977750475189414;-0.059919987565696796;-0.06126622152968724;-0.050484354108638066;-0.057613699413887366;-0.05764966934348909;-0.05625576238681729;-0.030755360761495074;-0.04174195290251954;-0.04150255421508934;-0.03789973149175794;-0.01157544304089419;-0.022329571741031083;-0.024260452369399083;-0.02269850313919492;0.005322898911733234;-0.007194514212885647;-0.011769015978138491;-0.011919289141747747;0.30396585781567803;0.3507411000818763;0.39215193989837593;0.4196752682839161;0.4485854351184833;0.35255532106603016;0.39387520192505704;0.41773516095867047;0.435900348304055;0.32903772912266865;0.34995474598098947;0.36238129330820723;0.36931692531744925;0.31694965076648657;0.32938897245508825;0.3392422371468122;0.3431235118678728;0.3143700487423463;0.32148528606766297;0.32541079060312506;0.32842254085873973;0.36876307575349193;0.36284635257085174;0.4184566299954407;0.48964418982153374;0.5214235537958531;0.44295695418979025;0.509938629090954;0.5534607671074303;0.5970010458576321;0.4863838974875839;0.5839982816881072;0.654012415632955;0.7114135742821368;0.5133750029260638;0.6099828421470368;0.6820199696498251;0.7355183940093251;0.530208828705272;0.6108684347539864;0.6636537756760605;0.7071527522283221;3.8935236685077554e-07;-0.03324574706180212;-0.05139354203819993;-0.05930305211274897;-0.06740813703280045;-0.08151631091455226;-0.10350672674198254;-0.1136317067499913;-0.12067116575116679;-0.06917104371598772;-0.09819744535586328;-0.11244410109240564;-0.12277918531107537;-0.05443165985302183;-0.07760612458585063;-0.09053377554043851;-0.09859388382814495;-0.039990481451611284;-0.05828150272387916;-0.0695734011990253;-0.0777337010017879;0.9893274013876343;0.9673999934464588
1764173043.241241;0.7178069050599124;0.6940239410274334;0.6947295704457547;0.6987438235568172;0.6975806741602237;0.7622721716748269;0.751821900310982;0.7287887696391484;0.7128444778631344;0.7854198691625972;0.7985365402518236;0.768169271841445;0.7434075410604635;0.7929173715917749;0.8058845258415835;0.7764049524209315;0.7543752111027533;0.7893004066978532;0.7959550805090623;0.7750193181378503;0.757662961041862;0.3779364759216207;0.4360939392393655;0.512885873820696;0.5887563246322879;0.6526964910263944;0.5139096020681367;0.6144777204152072;0.6599994064811247;0.6838506964931137;0.506873197659771;0.6198316720199587;0.6451343605287762;0.6390329569200228;0.5036931697264263;0.6024471470666781;0.6268542222948522;0.6253099833298509;0.5050277196102704;0.577320951387669;0.6010860184772463;0.6075439828616293;3.5434742611899365e-07;-0.04097825524240101;-0.056956724828212374;-0.06157874781168134;-0.06246974724248994;-0.051642095323660674;-0.057589729062065706;-0.05703410552478422;-0.05560336898695085;-0.030774167800537995;-0.040792498152722956;-0.04002411038691823;-0.03627396264670178;-0.010463517441784568;-0.020894958627084223;-0.022655551626224197;-0.02108710650809021;0.007468080664260445;-0.0052208868229959016;-0.009930326659340398;-0.010257071610727647;0.3041218698151894;0.35042429913796314;0.3914812836809205;0.41880809652482176;0.4480593965468696;0.3518338533737427;0.39300339018765795;0.41673753180546497;0.43440800620751197;0.32844762289820184;0.3495358499734439;0.36255991064781845;0.36978575867743685;0.3167057258050146;0.329801991367774;0.3404077571606923;0.3451810411511163;0.31435641448998985;0.3219325029321144;0.3259189929613679;0.32903034646304574;0.36898659483520374;0.36340727511006005;0.41936968070615854;0.4903182483562837;0.5208915102341689;0.44391867399052537;0.5106299270754723;0.5543861729455226;0.5982293554926095;0.48760516814301913;0.5860738510695346;0.6554041114684553;0.7121375036724096;0.5146982905231242;0.6118896471806076;0.6831835302306445;0.7356943936308804;0.5311409781806153;0.6113758895234515;0.6634926702541393;0.7061271432873283;3.8663841235889716e-07;-0.032758498715449794;-0.05101216833112907;-0.05920513614442221;-0.06764049262328724;-0.08048395488959197;-0.10204513030603815;-0.11190837773926829;-0.11875965476191691;-0.06843909230471709;-0.09713797960688637;-0.11109724035026954;-0.1210848946435584;-0.053974363954436874;-0.07694807584457243;-0.08972903949483241;-0.09758881979889443;-0.03974424109328092;-0.05784051921846891;-0.06881852003619593;-0.07664159128353948;0.9915096674032451;0.9647171693525877
1764173043.274574;0.7157369919812705;0.6908441428622536;0.691158048132385;0.6957102221834773;0.6963077501052045;0.7589734256371174;0.7516318277351074;0.7288321430287092;0.7132609150347199;0.7824994979342057;0.79629885134252;0.7654499062496171;0.7407529604321933;0.7904476482062717;0.8044639217348496;0.774749897559815;0.7526376200066756;0.7873245610035208;0.7951076606497011;0.7748491738760983;0.7578289426065463;0.3708952020611205;0.43502929357900494;0.5154581574494684;0.5918655004885965;0.6552967412808682;0.5152010907951357;0.6175772550823305;0.6621722147326848;0.6854151768076902;0.5069366429047325;0.6215037365225412;0.6479182479251521;0.6420766779534753;0.5025262987524456;0.6022015957867819;0.627112118124673;0.6246920142036818;0.502049118470025;0.5756347719927308;0.5992843840475479;0.604496410137212;3.237006070353317e-07;-0.03860371019089146;-0.053817361942055296;-0.05834686808606367;-0.05919045852408396;-0.049924731586035005;-0.05599073753663522;-0.055215516776820864;-0.053627820841726265;-0.03045648852357124;-0.039862953244353655;-0.03857315627117624;-0.03481361554856803;-0.01140577098654972;-0.021245973870689754;-0.021842212353882378;-0.01969733760978899;0.005407663644852663;-0.006063153027142396;-0.009501194682159245;-0.009163580134336723;0.30647753769339486;0.3530868223836266;0.3942250512900414;0.4218057647315205;0.4521119615687849;0.35653876565795445;0.39861525607636167;0.42267715027937697;0.4406679729290322;0.3331100948111611;0.35579396262012075;0.370636164971186;0.37974647074802037;0.32113520629991954;0.3356072671670702;0.34757022770708046;0.35394275292495014;0.3187014448662243;0.32824581916202983;0.3338938712570113;0.33872214591070704;0.37142016974214864;0.36478778335308526;0.4192481730141678;0.48914869794511007;0.5190316698161631;0.4446392153217368;0.5138613761772554;0.5575973827270805;0.6016083650283754;0.48878699133347836;0.5899221448908075;0.6589002267636807;0.7151784495744836;0.5166592318480709;0.6147855924681599;0.6859988292433985;0.7381997870240148;0.5332083314397962;0.61420221729108;0.666340409595765;0.7084419377865682;3.808927284037299e-07;-0.032043358124830404;-0.05013040472573839;-0.05837263411144152;-0.0666273005302724;-0.07883808367983652;-0.09998759467219714;-0.10906527358475092;-0.11505059598049158;-0.06721423962567612;-0.095100231736333;-0.10765171139383414;-0.11634642061423907;-0.05331743084734652;-0.07613583256969846;-0.08822035786171034;-0.09515078016010901;-0.03959063099251088;-0.0571692559071056;-0.06718360282023261;-0.07404527645244273;0.9916657685432805;0.9591839162372413
1764173043.307907;0.7136670789026286;0.6876643446970737;0.6875865258190154;0.6926766208101376;0.6950348260501852;0.7556746795994079;0.751441755159233;0.72887551641827;0.7136773522063055;0.7795791267058141;0.7940611624332163;0.762730540657789;0.7380983798039232;0.7879779248207683;0.8030433176281156;0.7730948426986985;0.7509000289105978;0.7853487153091883;0.7942602407903399;0.7746790296143464;0.7579949241712307;0.3638539282006203;0.4339646479186443;0.518030441078241;0.5949746763449052;0.6578969915353421;0.5164925795221347;0.6206767897494538;0.664345022984245;0.6869796571222666;0.507000088149694;0.6231758010251236;0.6507021353215281;0.6451203989869277;0.501359427778465;0.6019560445068857;0.6273700139544939;0.6240740450775129;0.49907051732977964;0.5739485925977927;0.5974827496178494;0.6014488374127946;2.930537879516697e-07;-0.036229165139381916;-0.05067799905589822;-0.055114988360445996;-0.05591116980567798;-0.048207367848409344;-0.05439174601120474;-0.05339692802885752;-0.05165227269650169;-0.03013880924660448;-0.038933408335984354;-0.03712220215543425;-0.03335326845043427;-0.012348024531314871;-0.021596989114295282;-0.021028873081540556;-0.018307568711487768;0.00334724662544488;-0.006905419231288891;-0.00907206270497809;-0.008070088657945798;0.30883320557160027;0.35574934562929;0.3969688188991623;0.4248034329382192;0.4561645265907003;0.3612436779421662;0.40422712196506533;0.428616768753289;0.4469279396505524;0.3377725667241203;0.36205207526679767;0.3787124192945535;0.3897071828186039;0.3255646867948245;0.34141254296636636;0.35473269825346865;0.362704464698784;0.32304647524245883;0.33455913539194526;0.3418687495526547;0.34841394535836834;0.3738537446490936;0.36616829159611053;0.41912666532217707;0.4879791475339364;0.5171718293981573;0.44535975665294825;0.5170928252790384;0.5608085925086382;0.6049873745641413;0.48996881452393753;0.5937704387120805;0.6623963420589061;0.7182193954765577;0.5186201731730177;0.6176815377557122;0.6888141282561525;0.7407051804171492;0.5352756846989769;0.6170285450587085;0.6691881489373906;0.710756732285808;3.7514704444856265e-07;-0.03132821753421102;-0.04924864112034771;-0.057540132078460836;-0.06561410843725755;-0.07719221247008108;-0.09793005903835612;-0.10622216943023355;-0.11134153719906625;-0.06598938694663513;-0.09306248386577963;-0.10420618243739876;-0.11160794658491975;-0.05266049774025616;-0.07532358929482448;-0.08671167622858827;-0.09271274052132358;-0.03943702089174084;-0.05649799259574229;-0.0655486856042693;-0.071448961621346;0.9918218696833159;0.9536506631218948
1764173043.3412402;0.7123772481120704;0.6863100072391835;0.6856322773331202;0.6897517751956092;0.6921582847159482;0.7540532437379857;0.7514195838798036;0.7305738984274477;0.7164649217290925;0.7781782635789058;0.7948312841571483;0.7645130584806675;0.7399994592363065;0.7867763094156005;0.8037693289731004;0.7748585330620936;0.7530897538997033;0.7844182045780261;0.7949550681046296;0.7760815104128312;0.7593608946684113;0.3581165141207751;0.43068000798010075;0.5163458116806656;0.5934913521336361;0.6558022064475434;0.5156591977196031;0.6194824534595593;0.6644553419512841;0.6877626330198597;0.5060038214670665;0.6214712023297632;0.6510591161759761;0.6467390581653426;0.5000729181013465;0.5997406269988923;0.6267815707506788;0.6249096321322865;0.4976043030911738;0.5728794471569281;0.597472326266163;0.6021352943776141;2.931944899365382e-07;-0.03455096786034025;-0.048299639006234886;-0.05251878336836383;-0.05317726629055542;-0.045883816853359724;-0.05171815421682733;-0.05073086266420712;-0.04899313310881834;-0.028765172746555656;-0.03746608836909279;-0.03586323043375936;-0.0321998960041276;-0.011873773421116817;-0.02097205387709521;-0.020613524638425026;-0.017991498335346846;0.003060032573919114;-0.006481224281120582;-0.00824032160956536;-0.0070151252237393305;0.309004237771672;0.3561966388982653;0.3974977047682884;0.4254914502523282;0.4568237751590346;0.36237822606884357;0.406086360517763;0.4310163932676213;0.4497997563042554;0.3389590081889564;0.364202766198398;0.38123770110954647;0.392417654385776;0.3265640962184035;0.34293945748794064;0.35695697854556235;0.3655230928803692;0.3238363060060712;0.3359508446799435;0.3441587544041076;0.35174545509853106;0.3736264805395287;0.36674706934312123;0.4193929398887248;0.48797944361616286;0.515951206943364;0.44696767311742697;0.518993878384576;0.5627111316781899;0.6067051933958987;0.49164491032994395;0.5962446263282569;0.6653150115617334;0.7210837465978807;0.5193354277847413;0.6182374248906348;0.6891654504699662;0.740389686354427;0.5348172005439943;0.6157485985484168;0.6666387349311177;0.706328221310317;3.7414208975469206e-07;-0.03051980087915269;-0.047959355210676034;-0.055974677922772165;-0.06372226061599513;-0.07539769699470207;-0.09579905600356972;-0.10390495827505901;-0.1088484189155259;-0.06450935613741259;-0.09124155666904725;-0.10222575915792295;-0.10941235452028132;-0.051488122164295796;-0.07379868432491941;-0.08493944307825017;-0.09069862029613784;-0.038548365087065176;-0.055173541777048765;-0.06377424198250724;-0.06928036296921619;0.9923594489244012;0.9419279002190616
1764173043.374573;0.7114456919711772;0.6857940637627643;0.6844208071704893;0.6868768787107847;0.6885452372109069;0.7532021595753119;0.751474525975567;0.7330323895205564;0.7203415002262061;0.7774752771260848;0.7969828271969376;0.768363192410046;0.7439928532067284;0.7861571081343431;0.8054812336150852;0.7781923779672809;0.7570832088491437;0.7839677932202681;0.7963582156490764;0.7782062633371132;0.7612779937080028;0.35297793418094636;0.42637577346233857;0.5127060756918148;0.5898987935788463;0.6515510948181562;0.5138499095849057;0.6163160366131226;0.6636184049209267;0.6881866811152408;0.5045208523872654;0.6182157764425024;0.6503014721961452;0.6477032177548501;0.4987314609973887;0.5966204932275769;0.6258044226302084;0.6264128055935854;0.4968326949160823;0.5720936918495202;0.5982845667939851;0.6045367091093082;3.0747522367623853e-07;-0.0331925878083233;-0.04627079083346436;-0.0502145298100437;-0.050693846212403235;-0.04328185737422755;-0.048551022137318225;-0.04767556991600874;-0.046020034996114983;-0.026906558302589596;-0.03575178013745801;-0.034692432006141985;-0.03118751026847885;-0.01074895285592877;-0.019898886034255433;-0.020380964635822937;-0.0181685540918578;0.003587211672715615;-0.005475371558038013;-0.007223670995003379;-0.005977856872509082;0.3081719148203892;0.35562652572698517;0.39700934413461836;0.42511869567476396;0.455924548061172;0.3618729844101896;0.40622209981317836;0.43179017636104305;0.45111547009919195;0.3385489852678546;0.3644670086123541;0.381213543255009;0.3917982498411232;0.32598814938767673;0.34250141470778966;0.35691325658922235;0.36561219338972123;0.32299331172653245;0.33508216807040214;0.34383782182918804;0.352155823567405;0.3721771515516582;0.3669576298943652;0.4198373143236409;0.4885170244810171;0.5150241632498477;0.4489831414771986;0.52028390984951;0.5640126271986217;0.6076600638482386;0.49354801468476556;0.5980877171656012;0.6679684729036627;0.7238669916177415;0.5194785658677474;0.6177185747476621;0.6883851222952142;0.7387786206828759;0.5331986547794942;0.6125827305131475;0.6616105270149645;0.6988026583398641;3.753144478151215e-07;-0.02966854457779103;-0.046482903263488425;-0.05407259496651221;-0.061426865530523615;-0.07353491247514077;-0.09363431100625245;-0.10182927821599963;-0.10691375537778362;-0.06291212762149989;-0.08952021044234844;-0.10091822671464923;-0.10838465225259473;-0.05007901519117658;-0.07194646950191635;-0.08304616650859378;-0.08887919694038977;-0.0373221189459885;-0.053549096292498585;-0.061935716949181055;-0.067308204957409;0.9930722326728781;0.9273624315086675
1764173043.407906;0.710514135830284;0.6852781202863452;0.6832093370078584;0.6840019822259602;0.6849321897058657;0.7523510754126381;0.7515294680713304;0.735490880613665;0.7242180787233198;0.7767722906732637;0.7991343702367267;0.7722133263394245;0.7479862471771501;0.7855379068530857;0.8071931382570698;0.7815262228724681;0.7610766637985842;0.7835173818625101;0.7977613631935231;0.7803310162613952;0.7631950927475942;0.34783935424111756;0.4220715389445764;0.509066339702964;0.5863062350240564;0.6472999831887689;0.5120406214502083;0.6131496197666859;0.6627814678905694;0.6886107292106218;0.5030378833074644;0.6149603505552415;0.6495438282163143;0.6486673773443574;0.4973900038934309;0.5935003594562617;0.6248272745097381;0.6279159790548844;0.49606108674099075;0.5713079365421122;0.5990968073218073;0.6069381238410023;3.2175595741593885e-07;-0.03183420775630635;-0.044241942660693825;-0.04791027625172357;-0.04821042613425105;-0.04067989789509538;-0.045383890057809115;-0.04462027716781037;-0.04304693688341163;-0.025047943858623536;-0.03403747190582323;-0.033521633578524605;-0.030175124532830094;-0.009624132290740722;-0.01882571819141566;-0.020148404633220852;-0.018345609848368753;0.004114390771512116;-0.004469518834955444;-0.006207020380441398;-0.004940588521278833;0.30733959186910637;0.35505641255570497;0.39652098350094833;0.4247459410971997;0.45502532096330944;0.36136774275153566;0.4063578391085937;0.43256395945446485;0.4524311838941285;0.3381389623467528;0.36473125102631027;0.3811893854004716;0.39117884529647046;0.32541220255694997;0.34206337192763875;0.35686953463288235;0.3657012938990733;0.3221503174469937;0.33421349146086077;0.34351688925426854;0.3525661920362789;0.3707278225637877;0.3671681904456092;0.42028168875855704;0.48905460534587136;0.5140971195563313;0.45099860983697015;0.521573941314444;0.5653141227190535;0.6086149343005784;0.49545111903958716;0.5999308080029454;0.6706219342455919;0.7266502366376022;0.5196217039507536;0.6171997246046894;0.6876047941204622;0.7371675550113247;0.5315801090149941;0.6094168624778783;0.6565823190988113;0.6912770953694112;3.7648680587555097e-07;-0.028817288276429362;-0.045006451316300815;-0.05217051201025226;-0.05913147044505209;-0.07167212795557946;-0.0914695660089352;-0.09975359815694027;-0.10497909184004135;-0.06131489910558721;-0.08779886421564963;-0.09961069427137552;-0.10735694998490815;-0.04866990821805736;-0.0700942546789133;-0.08115288993893739;-0.08705977358464169;-0.036095872804911826;-0.0519246508079484;-0.06009719191585487;-0.06533604694560181;0.9937850164213551;0.9127969627982735
1764173043.441239;0.7051095324322509;0.678061448581989;0.6730521997288789;0.6716901890419199;0.6715846323567609;0.7402852316246357;0.7445919746946559;0.7264018367939187;0.7147121714358619;0.7663660501886148;0.7911118680250926;0.7631007739202963;0.7394315333704806;0.7773060774434465;0.7996004665390772;0.7731473201425376;0.7532372321446448;0.7773665213069588;0.7922907275274693;0.7743146023655496;0.7571670403661397;0.3402680759758679;0.4117034556042442;0.4978582122374757;0.5755669764732804;0.6370590950219945;0.49990492826668836;0.6065615184535169;0.6521096652582149;0.6684012253329881;0.49201575477148296;0.607771554833279;0.6433510986382847;0.6400957113575283;0.48760306594864417;0.587799485107617;0.6191416842310867;0.6197572846862508;0.4866643047260917;0.5655393088325128;0.5945719340266156;0.5998329176404307;2.7280888539064815e-07;-0.03128392157379386;-0.04552843433331597;-0.05125691021101635;-0.053321341096537966;-0.04840125074334586;-0.056081974008488474;-0.05450200310909048;-0.05133941825750001;-0.0339700855884705;-0.04532512764815724;-0.043954363535183366;-0.03979495793750218;-0.01931598351031864;-0.029317095023242097;-0.028960622256285085;-0.02603040885519588;-0.006236788518405743;-0.014444736668084403;-0.014773082858157063;-0.01257788308823029;0.30732403590552254;0.35492094388563583;0.396144028690108;0.42429924486106985;0.45399503665076024;0.36027425041763933;0.40601583492959714;0.4326693026150379;0.4531191993352248;0.33677082777934103;0.3665764534984226;0.3869554527697791;0.400958961155402;0.32394461869534963;0.34350740883398523;0.361963842107753;0.37471114979526404;0.32078112820511084;0.33490096745485803;0.3466235367308581;0.3582344120316201;0.3726949620042302;0.3684413780944195;0.42191907565484693;0.4899551747888052;0.5147790992559903;0.4531121718289723;0.5270696199796715;0.571611459104642;0.6134647822146176;0.497260541436104;0.6023561922699876;0.6687911516821127;0.7188582811797212;0.5223047001914429;0.6214324101689975;0.6870855041935273;0.7310180663624299;0.5348301622934909;0.6132372305852428;0.6584882264390852;0.689819399711436;3.298160254076297e-07;-0.027562951648080813;-0.04282744914637265;-0.049451657279521104;-0.05586038129863157;-0.0689590382942966;-0.08765938322169108;-0.0948251777427911;-0.09905658198783751;-0.05925165644799982;-0.08343672944800415;-0.09326495249677264;-0.09951473449925696;-0.047473015507358794;-0.06722543382030206;-0.0770798464332235;-0.08220154838393305;-0.03581721101155382;-0.05059952641917606;-0.05798196948084635;-0.06255217808720466;0.9945800820452778;0.9283596685797655
1764173043.474572;0.6982367733636062;0.6686454457327697;0.6599588913903811;0.6562809920958658;0.6550419878541783;0.7245384490957799;0.7353594052322417;0.7135226298282693;0.700813828463729;0.7527749814177291;0.7797500131596061;0.7497335735229821;0.7267582456857961;0.7665756106368736;0.7889538215987504;0.7609240277000923;0.741513978441044;0.7693446438956356;0.7845639601420505;0.7656260726736351;0.7485312088931367;0.3318983308856471;0.39934507940027697;0.48416596684855195;0.5624820087175502;0.6248522261973979;0.4843798744844709;0.5988503426088062;0.638209836434045;0.64141932121172;0.47786265751476986;0.5992917378241588;0.635374450562967;0.6283941709050279;0.4750441294367255;0.5812515531056164;0.6119106763306461;0.6084273459225186;0.47443654482185516;0.5581351892640839;0.5882952987952067;0.5896074226014651;2.0310901192199415e-07;-0.030998870147074704;-0.047903095818195;-0.056458293757345006;-0.06092488924895015;-0.059510949088896814;-0.07133093667087477;-0.06862995232007772;-0.06332951860484186;-0.046430716272307604;-0.06088032317715486;-0.058195634966400886;-0.052904527069229615;-0.03255811200286766;-0.04360421799100574;-0.04074154125833596;-0.03617941966055789;-0.02015849202530877;-0.028024191183657305;-0.0264844093488597;-0.0230623661614238;0.30757656141204726;0.3549281354094948;0.3958036397997966;0.4238282792937488;0.4529217363846887;0.35898768085586;0.405517024495103;0.4325552486126794;0.4536011899246603;0.33508821921562537;0.36894056295741906;0.3946220035249792;0.41415243573255267;0.3221843793155419;0.3455691870261774;0.3687445675012273;0.38664900015572556;0.31923922982929703;0.33609920806587906;0.35085519380377284;0.3656283782777963;0.37578346395397483;0.370063344083666;0.42394803632838235;0.4909748853247431;0.5159891969662664;0.45525793037829454;0.5339456875455186;0.579548543893055;0.619593050167294;0.49903921528685047;0.6049726984616655;0.6654885384538394;0.7075953048144554;0.5258213355471226;0.6272246576363512;0.6866518929464158;0.723378964247193;0.5396782003197457;0.6193506400175494;0.6626700678460402;0.6903533158767238;2.6744204059324436e-07;-0.02617631490445108;-0.04041785404189419;-0.04646471950755415;-0.05226904720821278;-0.06596685917926919;-0.0833091303920248;-0.0889604231724529;-0.09182517043092685;-0.05703545736823448;-0.07820782792195062;-0.08526555602676883;-0.08943584105152003;-0.04634577633592482;-0.06402293977870048;-0.07229135392735062;-0.07634591942152197;-0.0358495679160791;-0.049372646010142254;-0.055775928676173835;-0.05950188729901103;0.995402154448937;0.9538111252915848
1764173043.507905;0.6913640142949614;0.6592294428835503;0.6468655830518834;0.6408717951498117;0.6384993433515957;0.7087916665669242;0.7261268357698275;0.7006434228626199;0.686915485491596;0.7391839126468435;0.7683881582941197;0.7363663731256679;0.7140849580011115;0.7558451438303007;0.7783071766584236;0.7487007352576469;0.7297907247374433;0.7613227664843123;0.7768371927566318;0.7569375429817206;0.7398953774201338;0.3235285857954263;0.3869867031963097;0.47047372145962824;0.54939704096182;0.6126453573728012;0.4688548207022534;0.5911391667640955;0.6243100076098751;0.6144374170904519;0.46370956025805676;0.5908119208150386;0.6273978024876493;0.6166926304525275;0.46248519292480683;0.5747036211036157;0.6046796684302055;0.5970974071587865;0.4622087849176186;0.5507310696956549;0.5820186635637978;0.5793819275624996;1.3340913845334013e-07;-0.03071381872035555;-0.05027775730307402;-0.06165967730367366;-0.06852843740136233;-0.07062064743444778;-0.08657989933326107;-0.08275790153106496;-0.0753196189521837;-0.058891346956144716;-0.07643551870615248;-0.0724369063976184;-0.06601409620095705;-0.04580024049541667;-0.05789134095876938;-0.052522460260386844;-0.046328430465919904;-0.0340801955322118;-0.04160364569923021;-0.03819573583956233;-0.03354684923461731;0.3078290869185719;0.3549353269333538;0.3954632509094852;0.4233573137264277;0.4518484361186171;0.35770111129408066;0.40501821406060895;0.43244119461032093;0.4540831805140958;0.33340561065190966;0.3713046724164155;0.40228855428017934;0.4273459103097033;0.3204241399357342;0.3476309652183696;0.3755252928947016;0.39858685051618703;0.3176973314534833;0.33729744867690015;0.35508685087668757;0.3730223445239726;0.37887196590371947;0.3716853100729124;0.42597699700191777;0.491994595860681;0.5171992946765426;0.4574036889276168;0.5408217551113657;0.587485628681468;0.6257213181199703;0.500817889137597;0.6075892046533434;0.6621859252255661;0.6963323284491898;0.5293379709028024;0.6330169051037049;0.6862182816993044;0.715739862131956;0.5445262383460006;0.625464049449856;0.6668519092529951;0.6908872320420115;2.0506805577885906e-07;-0.02478967816082134;-0.03800825893741573;-0.04347778173558721;-0.04867771311779399;-0.06297468006424176;-0.07895887756235852;-0.08309566860211468;-0.08459375887401618;-0.05481925828846915;-0.07297892639589709;-0.07726615955676502;-0.07935694760378308;-0.04521853716449084;-0.06082044573709888;-0.06750286142147773;-0.07049029045911087;-0.03588192482060437;-0.04814576560110844;-0.05356988787150131;-0.0564515965108174;0.9962242268525963;0.9792625820034042
1764173043.541238;0.6761036453843002;0.6423961776556741;0.6259503294715288;0.6170716410059822;0.6146987423450189;0.6828631480427806;0.6950553996954745;0.6718461656976151;0.6608376743541837;0.7128969438961895;0.73403509888584;0.7050955453947217;0.6869082157931226;0.730374097477549;0.7452204658094266;0.7184373324856503;0.7030609644151594;0.7372170372031858;0.746736479126088;0.7287069534111017;0.7146888573885128;0.3255846000530364;0.37916291533576646;0.45677638261964276;0.5329690193141737;0.5944426196207033;0.4624806128076851;0.5800077366755502;0.6046000555397107;0.59008488521183;0.46203537554589236;0.5830564480465087;0.6121711642675883;0.5994651831821091;0.46390324660369225;0.5709299654563673;0.5941040376789156;0.5841504076030837;0.4653095410393937;0.5494327850201626;0.575013284308095;0.5700172051030303;1.0233499836912117e-07;-0.028267796277130806;-0.04688488084445369;-0.05789274382551565;-0.06450726388949893;-0.06817782380313003;-0.0841642751079634;-0.08046090911526314;-0.07302807564413906;-0.057662983229738604;-0.0744278363894108;-0.07005220522082342;-0.06364212825971302;-0.04574864429080456;-0.05677713225263911;-0.05046144062338095;-0.04399277170481174;-0.035090423236577684;-0.04162056192166893;-0.037393393702485275;-0.032426572134652276;0.3094854538023945;0.35586811890463665;0.3958034339449479;0.4238565906628368;0.45153179645733904;0.35923613606605526;0.40792470537537684;0.435068314407686;0.4552594602155415;0.33619382144167426;0.38028338483217133;0.41054205570610675;0.43282237190503703;0.3235230429482151;0.35818143855715395;0.3851257219979333;0.40520465928056754;0.3203495223930944;0.3451839853103824;0.3637188570400179;0.379805305741627;0.37845512169369055;0.3739422835744032;0.42659045232376946;0.49050236470337166;0.5190169821264748;0.463208157651911;0.5448416215940771;0.5841837740273977;0.6131744702594835;0.5055155015167188;0.6038766948985389;0.641970590005698;0.6620533378032641;0.5336216153761227;0.6277742170387581;0.6634795067597982;0.679331678745412;0.5487385178912603;0.6211751200679058;0.650437444254745;0.6640301165883955;9.172420091165181e-08;-0.02283121035160367;-0.03478235228223694;-0.03965729420718808;-0.04379393838402763;-0.05677570220545687;-0.07047837585225984;-0.07257106587790262;-0.0723962803111996;-0.04873983286354401;-0.06375842788642101;-0.06509810917897406;-0.06504544656435414;-0.03949102737539304;-0.05215491462514964;-0.055142074626597565;-0.05577829614455189;-0.03071870568302161;-0.040853428365647225;-0.04415651176772612;-0.045444230640355826;0.9950470272450481;0.9870803166914829
1764173043.574571;0.6579614041703719;0.6230144387365159;0.6023475584964979;0.5903884644515208;0.5884044030481367;0.6534363190921061;0.6564804166024678;0.6375796760747842;0.6305751583204832;0.6822478310775721;0.6917825643185325;0.6676732670464199;0.6547482775758213;0.6998383820798162;0.7044236437793233;0.6819755853359522;0.6711751660072054;0.7075851081933537;0.7089483721602441;0.6937619693736454;0.6837888669520185;0.3312227679480908;0.37289715232375265;0.44307729373693727;0.5153923683667739;0.5741797802518577;0.45925051507224435;0.5677011522628179;0.5828938216232781;0.5666357710152161;0.46464878087599226;0.5755498504217094;0.5944535248933687;0.5803391070878723;0.4701236100791229;0.568109514636115;0.5823792385542408;0.5706478072508662;0.4736769734393456;0.5502323848192353;0.5677575182009121;0.5609482327682075;8.453215169633064e-08;-0.025079292645828602;-0.041510354288787674;-0.05104441470228148;-0.05649198907482483;-0.06107853206466342;-0.07567933141512664;-0.07252052302133527;-0.06582954762044688;-0.05173126126498899;-0.06638578049275394;-0.06195503876769998;-0.055950908023362916;-0.04112949931680461;-0.05037122877047287;-0.043644513124805835;-0.037367544864508884;-0.03166443785873245;-0.036977568562573344;-0.03229151979057404;-0.027319052237394295;0.3116241620992795;0.3571189350024067;0.3963774525331141;0.4246892301484844;0.451475135417027;0.3617406234995818;0.4120012135340739;0.43863726542999587;0.45667428851426917;0.34051814689466076;0.3915347877303461;0.4189972256542012;0.43564736944861593;0.32829148330705893;0.3716485157788821;0.3956949641692054;0.4099945718007554;0.32444274719851607;0.35536853239335287;0.37386276521205286;0.38637833367649654;0.3768338866975511;0.37641743729604865;0.4267175586445376;0.4881470634546367;0.5210434294109064;0.47026971101861614;0.5478801349918111;0.5770203677623857;0.5942110984981515;0.5112160227409476;0.5979896185977636;0.6159442661968905;0.6198663476990458;0.5381687940831659;0.6187400704203183;0.6330769712644599;0.6330388178323928;0.5527323591933904;0.6133120840354727;0.6269463595642639;0.6277618033242889;-3.913223019277358e-08;-0.02067626891746719;-0.03127597172649403;-0.03555040995770835;-0.038466098062586676;-0.0494749105217737;-0.060578775009236224;-0.0604454006835684;-0.05849252651264211;-0.04133305373296634;-0.053166469210223014;-0.051497764206532494;-0.04927967728655386;-0.03218292517316603;-0.041612355906850515;-0.04017954721732182;-0.038023371305480794;-0.023770355026771314;-0.031477080027621215;-0.03226679015312417;-0.031702918541287546;0.9931829040985755;0.9888393366728802
1764173043.607904;0.6398191629564434;0.6036326998173577;0.5787447875214669;0.5637052878970594;0.5621100637512545;0.6240094901414316;0.6179054335094611;0.6033131864519532;0.6003126422867825;0.6515987182589548;0.649530029751225;0.630250988698118;0.62258833935852;0.6693026666820834;0.66362682174922;0.645513838186254;0.6392893675992513;0.6779531791835218;0.6711602651944003;0.6588169853361892;0.652888876515524;0.3368609358431452;0.36663138931173883;0.4293782048542318;0.497815717419374;0.553916940883012;0.45602041733680354;0.5553945678500858;0.5611875877068453;0.5431866568186022;0.4672621862060921;0.5680432527969099;0.576735885519149;0.5612130309936355;0.4763439735545536;0.5652890638158626;0.5706544394295661;0.5571452068986487;0.48204440583929753;0.5510319846183082;0.5605017520937293;0.5518792604333845;6.672930502354011e-08;-0.021890789014526398;-0.036135827733121656;-0.044196085579047306;-0.04847671426015074;-0.0539792403261968;-0.06719438772228989;-0.06458013692740738;-0.0586310195967547;-0.045799539300239375;-0.05834372459609707;-0.05385787231457652;-0.048259687787012805;-0.03651035434280467;-0.04396532528830663;-0.03682758562623072;-0.030742318024206027;-0.028238452480887213;-0.03233457520347776;-0.0271896458786628;-0.022211532340136318;0.3137628703961646;0.3583697511001767;0.3969514711212803;0.425521869634132;0.45141847437671495;0.3642451109331083;0.4160777216927709;0.4422062164523057;0.4580891168129969;0.3448424723476472;0.4027861906285209;0.42745239560229564;0.4384723669921949;0.3330599236659028;0.3851155930006102;0.4062642063404775;0.4147844843209432;0.3285359720039378;0.36555307947632326;0.3840066733840879;0.392951361611366;0.37521265170141155;0.3788925910176942;0.42684466496530565;0.48579176220590176;0.523069876695338;0.47733126438532125;0.5509186483895451;0.5698569614973736;0.5752477267368193;0.5169165439651763;0.5921025422969882;0.5899179423880829;0.5776793575948275;0.542715972790209;0.6097059238018786;0.6026744357691217;0.5867459569193736;0.5567262004955205;0.6054490480030396;0.6034552748737828;0.5914934900601824;-1.6998866129719897e-07;-0.018521327483330713;-0.027769591170751118;-0.03144352570822861;-0.03313825774114572;-0.04217411883809053;-0.05067917416621259;-0.048319735489234183;-0.04458877271408463;-0.03392627460238867;-0.042574510534025015;-0.03789741923409093;-0.03351390800875357;-0.024874822970939025;-0.031069797188551393;-0.02521701980804609;-0.020268446466409705;-0.01682200437052101;-0.022100731689595216;-0.02037706853852221;-0.017961606442219266;0.9913187809521028;0.9905983566542775
1764173043.641237;0.621676921742515;0.5842509608981994;0.5551420165464358;0.537022111342598;0.5358157244543723;0.5945826611907571;0.5793304504164545;0.5690466968291222;0.5700501262530819;0.6209496054403374;0.6072774951839174;0.5928287103498161;0.5904284011412186;0.6387669512843506;0.6228299997191169;0.6090520910365557;0.6074035691912972;0.6483212501736898;0.6333721582285564;0.6238720012987329;0.6219888860790295;0.34249910373819964;0.3603656262997251;0.41567911597152624;0.4802390664719741;0.5336541015141664;0.4527903196013628;0.5430879834373535;0.5394813537904125;0.5197375426219883;0.469875591536192;0.5605366551721106;0.5590182461449293;0.5420869548993987;0.48256433702998425;0.5624686129956104;0.5589296403048912;0.5436426065464312;0.4904118382392495;0.5518315844173809;0.5532459859865465;0.5428102880985617;4.89264583507496e-08;-0.018702285383224194;-0.03076130117745564;-0.037347756455813126;-0.040461439445476644;-0.04687994858773019;-0.058709444029453134;-0.05663975083347951;-0.051432491573062525;-0.039867817335489754;-0.050301668699440194;-0.045760705861453074;-0.04056846755066269;-0.03189120936880473;-0.037559421806140386;-0.03001065812765561;-0.02411709118390317;-0.02481246710304198;-0.027691581844382175;-0.022087771966751563;-0.01710401244287834;0.3159601725608328;0.3601700397333296;0.3990280769696222;0.4281310720038741;0.452318639000499;0.36675980363260774;0.4191476281678518;0.44457890550943013;0.4586080823850501;0.348252986200815;0.4088925772212965;0.43216639657874295;0.4406307257267542;0.3369599926419654;0.39252630195792504;0.4122870691160008;0.4186222602926763;0.3323998569367729;0.3721150208128;0.3902452863031673;0.39782621502866244;0.37363682588458236;0.3777224378293112;0.42189435164560946;0.4794529135403643;0.5206886389525153;0.47981577380636803;0.550822953209113;0.5627276137122321;0.5604916614101632;0.5193311930580835;0.5878989647880238;0.5770825987595828;0.5578377268780125;0.5445055674656564;0.603658696285582;0.588266620584479;0.5662107975528008;0.5576275934540689;0.5987264902935433;0.590382168060153;0.573817095947505;-2.2488284774680128e-07;-0.018910589772027624;-0.028394570846465246;-0.03234781007006084;-0.033828847532864456;-0.04066693911870546;-0.04808708499912774;-0.04440691106690554;-0.039703555327685935;-0.03178201256381647;-0.039267297087516334;-0.03332020879371767;-0.028061880286682116;-0.02222380284875539;-0.027389479522417038;-0.019896312305646424;-0.013950175996241166;-0.013828979861326706;-0.018711569800168457;-0.016397632900409572;-0.013439156583436323;0.9898941812465542;0.9923573766356749
1764173043.67457;0.6035346805285866;0.5648692219790412;0.5315392455714048;0.5103389347881366;0.50952138515749;0.5651558322400826;0.5407554673234478;0.5347802072062913;0.5397876102193813;0.5903004926217199;0.5650249606166099;0.5554064320015142;0.5582684629239174;0.6082312358866178;0.5820331776890136;0.5725903438868575;0.5755177707833432;0.6186893211638579;0.5955840512627125;0.5889270172612765;0.5910888956425351;0.34813727163325403;0.35409986328771126;0.40198002708882075;0.46266241552457427;0.5133912621453207;0.449560221865922;0.5307813990246213;0.5177751198739797;0.49628842842537446;0.4724889968662919;0.5530300575473113;0.5413006067707097;0.5229608788051621;0.4887847005054149;0.5596481621753581;0.5472048411802164;0.5301400061942135;0.4987792706392014;0.5526311842164537;0.5459902198793636;0.5337413157637388;3.112361167795907e-08;-0.015513781751921989;-0.02538677462178962;-0.030499427332578953;-0.032446164630802556;-0.039780656849263574;-0.05022450033661638;-0.04869936473955164;-0.04423396354937034;-0.03393609537074014;-0.04225961280278333;-0.03766353940832962;-0.03287724731431258;-0.027272064394804785;-0.031153518323974137;-0.0231937306290805;-0.01749186434360031;-0.021386481725196745;-0.02304858848528659;-0.01698589805484033;-0.011996492545620359;0.3181883786845068;0.3622601347464105;0.4018971871677841;0.4316772807297124;0.45372345884192883;0.36927987885989033;0.4216866262331883;0.4463206542970206;0.458654546208587;0.35118153159400295;0.41228534583660637;0.4349072058730677;0.44243748148296475;0.3404020595329892;0.3967427217575517;0.41591205088816613;0.4219578542106464;0.336142781941736;0.3767663038548336;0.394424142988897;0.4018054061921921;0.37208495007257425;0.37462965315110114;0.41426607262130644;0.47101303637604847;0.5159826712926247;0.4798862289276149;0.5490741933466673;0.5556162292721563;0.5479546410194508;0.5200127860909254;0.5845833091660526;0.5712045277290558;0.5497816310064341;0.5448407392280687;0.5991868490774697;0.5822948448607985;0.5592609327364682;0.5568979471852545;0.5926054510820126;0.5828037789261926;0.5659465728078634;-2.3971253284824055e-07;-0.020641732542885722;-0.031198539417453524;-0.03589511758762117;-0.037693716895680636;-0.042215463919495023;-0.04934917118879727;-0.044825756563988274;-0.039574953097741165;-0.03241334153213793;-0.03980225137054407;-0.03350203868012014;-0.028049593245547285;-0.022029051260002423;-0.027328489683352348;-0.01966095619607523;-0.013663900189519915;-0.012922099205190425;-0.01848020874497991;-0.016590291762788867;-0.013778979032861028;0.9887013978541156;0.9941163966170722
1764173043.707903;0.5853924393146581;0.545487483059883;0.5079364745963737;0.48365575823367524;0.48322704586060783;0.5357290032894082;0.5021804842304411;0.5005137175834602;0.5095250941856806;0.5596513798031025;0.5227724260493023;0.5179841536532124;0.5261085247066161;0.5776955204888851;0.5412363556589105;0.5361285967371592;0.5436319723753891;0.5890573921540259;0.5577959442968687;0.5539820332238202;0.5601889052060406;0.3537754395283084;0.34783410027569744;0.38828093820611526;0.4450857645771744;0.49312842277647506;0.44633012413048123;0.518474814611889;0.496068885957547;0.4728393142287606;0.4751024021963918;0.5455234599225118;0.52358296739649;0.5038348027109253;0.4950050639808456;0.5568277113551058;0.5354800420555417;0.516637405841996;0.5071467030391533;0.5534307840155265;0.5387344537721808;0.5246723434289159;1.332076500516854e-08;-0.012325278120619787;-0.020012248066123603;-0.023651098209344773;-0.024430889816128468;-0.03268136511079695;-0.041739556643779624;-0.040758978645623764;-0.03703543552567816;-0.028004373405990525;-0.03421755690612646;-0.02956637295520617;-0.02518602707796247;-0.022652919420804843;-0.024747614841807895;-0.016376803130505387;-0.010866637503297458;-0.01796049634735151;-0.018405595126191006;-0.011884024142929092;-0.006888972648362381;0.32041658480818075;0.36435022975949144;0.404766297365946;0.43522348945555067;0.4551282786833586;0.371799954087173;0.4242256242985248;0.44806240308461104;0.4587010100321239;0.3541100769871909;0.4156781144519162;0.43764801516739243;0.4442442372391752;0.3438441264240129;0.4009591415571784;0.41953703266033143;0.4252934481286166;0.33988570694669923;0.38141758689686717;0.3986029996746267;0.40578459735572175;0.3705330742605661;0.37153686847289114;0.40663779359700336;0.4625731592117327;0.5112767036327339;0.47995668404886177;0.5473254334842216;0.5485048448320804;0.5354176206287383;0.5206943791237671;0.5812676535440814;0.5653264566985288;0.5417255351348557;0.545175910990481;0.5947150018693572;0.576323069137118;0.5523110679201355;0.5561683009164402;0.5864844118704818;0.5752253897922324;0.5580760496682219;-2.5454221794967984e-07;-0.02237287531374382;-0.0340025079884418;-0.039442425105181506;-0.04155858625849681;-0.043763988720284586;-0.05061125737846679;-0.045244602061071004;-0.039446350867796395;-0.033044670500459394;-0.04033720565357181;-0.03368386856652261;-0.028037306204412457;-0.021834299671249453;-0.027267499844287654;-0.01942560008650403;-0.013377624382798665;-0.012015218549054144;-0.018248847689791358;-0.01678295062516816;-0.014118801482285734;0.987508614461677;0.9958754165984696
1764173043.741236;0.5733283883447833;0.5321187008810628;0.4914358688673628;0.4646120409670529;0.4637891627366561;0.5153304002581461;0.47477379679999493;0.47575710192190035;0.4874710289584284;0.538231564918723;0.4924505440563015;0.4908725987180644;0.502834533950883;0.5561301301391155;0.5119280744148809;0.5096388002634868;0.5204228005166482;0.5680289111009603;0.5306257134257905;0.5286251006849252;0.5377595088690216;0.35730378596554685;0.34373756333655675;0.3791233252936032;0.433063826789407;0.47944134926941434;0.44533575026200695;0.5100309298624055;0.48052614983474584;0.4562379436436154;0.4784107364080413;0.5405104208987747;0.5107036657760118;0.4898783902865286;0.5007289973041973;0.5553860100356104;0.5271334402254398;0.5067708398638645;0.5140806123417806;0.554364388087797;0.5335306440469628;0.5179866019989139;1.2939706883393712e-09;-0.01038175081752308;-0.016602781110926872;-0.019183901480482005;-0.01902838699585591;-0.0278855336210958;-0.03573843714540973;-0.03488134587197808;-0.031567620203900255;-0.02388191073128355;-0.028513165965986912;-0.023806926933567327;-0.01975024709942774;-0.019290794567151603;-0.02010267155041715;-0.011498310562404461;-0.006211883006242429;-0.01529892374682707;-0.015040812599014016;-0.00832136411073887;-0.003396935513160464;0.32299370435572367;0.3671362912775827;0.4077201060701316;0.4382255476479673;0.456296375032608;0.3755910687616552;0.4279143621809112;0.45001871411940136;0.45795465750287706;0.35804075503600863;0.4195041123607255;0.43967188575999944;0.4442264984236298;0.34785554085443804;0.40518759297911755;0.42210718164586286;0.42630010877346847;0.3438229182126539;0.3859016107107467;0.40166925973696577;0.40737582131107825;0.36969709165154735;0.3689603181093765;0.40042111383028234;0.4560151167637347;0.5073003565452104;0.4798657974447822;0.5463639119228814;0.5417070408043997;0.523660107021908;0.5209130169069446;0.5781843171441211;0.559032169251511;0.5338521620617747;0.544956381813537;0.5904796182082589;0.5699338330035661;0.5450784560423476;0.5551351334024371;0.5811889560085013;0.5681120493947187;0.5507330998822129;-2.686064258583585e-07;-0.022939349215816793;-0.03505390170917039;-0.04092778042115453;-0.04316654162778993;-0.04368929904791659;-0.050110303096741436;-0.044165190204494366;-0.038068601419710496;-0.032619061974491416;-0.03962843759950109;-0.032809661203626966;-0.027166484040021775;-0.02109895066604656;-0.02648025825093217;-0.01849267031596089;-0.01247918320814781;-0.011000841188593508;-0.017575901376857918;-0.016268673507030696;-0.013665411278866882;0.9860361715385854;0.9966718179617048
1764173043.7745693;0.5769249792659416;0.5342424734735637;0.4932341892782779;0.46525159292738627;0.4620171025542844;0.5181932766512538;0.47614252232724363;0.47550292037483616;0.48656624245222363;0.5405912928379072;0.49286830000557946;0.4903268849710815;0.5024554135967588;0.5576770260150843;0.5122203176993728;0.5088419863359245;0.519569174674223;0.5691674448291205;0.530812716193422;0.5279720256425297;0.5371548125279519;0.3553961082323464;0.3452301049057496;0.38166696213876616;0.43535376861905606;0.4826969314745482;0.45010181332785154;0.5115394022210757;0.48086382768092656;0.45727996947248295;0.48350961200456466;0.5419221109044572;0.5102904632630371;0.4892417450403285;0.5051738996462324;0.5574967086520954;0.5274908537873239;0.506272606606115;0.5173210372178502;0.5556432674554405;0.5336137536158728;0.5174413124076416;4.1493464918521015e-09;-0.011645946912484656;-0.018256353707466852;-0.020851766721007376;-0.020357768962169485;-0.029024635749095924;-0.036136957945098476;-0.03431844602174253;-0.03055902314696163;-0.024421055522640532;-0.028831831656205675;-0.024070680053244278;-0.020125670125649527;-0.019167413596689862;-0.019994886878992;-0.011614246586540585;-0.0066341046757989325;-0.014606875110196023;-0.014969372770027033;-0.008724531520641529;-0.004067236618331096;0.32646983505511745;0.371715563653651;0.41089216702581294;0.43982560021458833;0.45685455147237697;0.382657103692184;0.43456548550045554;0.45252786960033936;0.4551655717282177;0.36455350379260637;0.42444637469875335;0.439848546613397;0.4395078659463466;0.35333393601046004;0.4094470768998513;0.4219595255579585;0.4213061742897748;0.34826074713445904;0.3899547179280162;0.4018688873745668;0.4028143509996803;0.37070563412962615;0.3677138492280777;0.39784143622490004;0.4543056569741565;0.5052038796201932;0.4793592058245033;0.5474307383856416;0.535717138811925;0.5139109379181539;0.5199388310414113;0.5756995381413654;0.5516654328726174;0.5264495221495092;0.5433076386663912;0.5868534611390493;0.5624689420032098;0.5371172779104425;0.5533199216141124;0.5780206126528703;0.5621968736582887;0.5447494105233792;-2.806984548613242e-07;-0.020505004978005385;-0.031589714423696624;-0.03710043319955778;-0.03895946744702726;-0.039432322635941645;-0.04506679073620231;-0.03922544161280923;-0.033472356577640666;-0.029470202492110686;-0.03571515674284875;-0.029214518961347316;-0.02408360026306411;-0.018970722099492132;-0.023821789823845946;-0.015762403008960015;-0.010003463126571766;-0.00970948587329795;-0.015765185327184506;-0.013932939624161228;-0.011168268994819716;0.9838431617639394;0.9949879946422722
1764173043.807902;0.5805215425652109;0.5363662297554492;0.49503249587805687;0.46589113997594794;0.4602450559813697;0.5210561310574144;0.4775112373426534;0.47524874077989127;0.48566146289479695;0.5429510026343345;0.49328605274648346;0.48978117541519095;0.5020762961542864;0.5592239100108622;0.5125125587394307;0.5080451785279088;0.5187155553876611;0.5703059698133194;0.5309997175248686;0.5273189556157633;0.5365501208309621;0.35348844515014843;0.3467226350121939;0.3842105794487482;0.43764369286190685;0.4859524886767467;0.4548678397902381;0.5130478629946486;0.4812015029337348;0.45832198729857165;0.4886084484416231;0.5433337900683327;0.5098772639234658;0.4886051046835765;0.5096187678513301;0.5596073910583735;0.5278482646042648;0.5057743771748064;0.5205614372073931;0.5569221370012654;0.5336968625464997;0.5168960270042039;7.004700366022521e-09;-0.012910133298395368;-0.019909913604536776;-0.02251961915229491;-0.021687140718803424;-0.03016372912876931;-0.036535475684139646;-0.033755550494588886;-0.029550433836068236;-0.024960196173354918;-0.02915049489906567;-0.024334431147292085;-0.020501090268615095;-0.019044033573796398;-0.019887103035355246;-0.011730181720285764;-0.007056323102684713;-0.01391483178851211;-0.014897933489699342;-0.009127695834210553;-0.004737532575576061;0.3299459390577591;0.37629480086081746;0.41406420362000373;0.4414256404927742;0.4574127236253399;0.3897230843554256;0.441216557739242;0.45503700581091394;0.4523765073737919;0.3710662025311657;0.42938859908010935;0.4400252061100358;0.4347892697082536;0.35881228909229956;0.4137065281076648;0.4218118706040558;0.4163122781595961;0.35269854197365075;0.39400779401734265;0.4020685134790236;0.3982529157204641;0.3717141688620789;0.3664673899196844;0.3952617784314924;0.452596210313263;0.5031074187961598;0.4788526180948581;0.5484975566551537;0.5297272828220152;0.5041618436882102;0.5189646526576445;0.5732147782217614;0.5442987530704039;0.5190469390896639;0.5416589081816253;0.5832273319187975;0.5550041083333632;0.5291561609205421;0.5515047237666497;0.5748522936301785;0.5562817433505248;0.5387657671193974;-2.927903909972695e-07;-0.01807067943600559;-0.028125553743249314;-0.03327311537206295;-0.034752425576677015;-0.03517537891762923;-0.04002331710993727;-0.03428573095849039;-0.028876147034821595;-0.02632136719303269;-0.031801905940270325;-0.02561940432983077;-0.021000740162714457;-0.016842509877774938;-0.02116334181384951;-0.013032156670465735;-0.007527762058574624;-0.008418140475636604;-0.013954483183845953;-0.011597223679773904;-0.008671145888874389;0.9816501688316517;0.9933041842546358
1764173043.8412352;0.5850200186458996;0.540483780979172;0.49867474007901214;0.4686517467414518;0.4633416864820892;0.5254956547150066;0.4803914535143094;0.4785178684903964;0.4891205101558697;0.5470734687586356;0.495604320950235;0.49238977468205647;0.5050092491162816;0.5627852467434237;0.5141484097691686;0.509947009559431;0.5208395393901255;0.5731799375494242;0.5322922852650595;0.5285273383493331;0.5377573374728563;0.3516303326705462;0.3461188409552808;0.38298003265629166;0.4366092459250517;0.4855527766208155;0.4540284496905222;0.512154986174402;0.4787910545417309;0.45551023892164316;0.48778774100392086;0.5415392059530933;0.5073756117137234;0.48596525171323396;0.5088688781534738;0.5580458289019975;0.5258634806098504;0.5036440946797952;0.5201571938979238;0.5559785184375106;0.5327834725914533;0.5157540654986574;-1.4316936149955106e-09;-0.013392945474762462;-0.02096907473211128;-0.02431803550659908;-0.024139525385474665;-0.030184743309268434;-0.037632777453691486;-0.03595501857137464;-0.032426469341502034;-0.0251198256875171;-0.03030934048823642;-0.026247624211827775;-0.022821943077678125;-0.01949381278567903;-0.02090536565121895;-0.012927645527775356;-0.008245662459475736;-0.014771315410266233;-0.015734890456476563;-0.009939656434387847;-0.00554405830788776;0.3341380173448619;0.38157615129193356;0.4192272971921285;0.44601537425559085;0.4625329507196282;0.3982487135009628;0.44773958820330045;0.4598115505345977;0.45577812683948493;0.3787634104075094;0.43464363940549033;0.4445527045793514;0.4388977113462035;0.36515199074597027;0.41812796423409876;0.4259329164348194;0.4201071090073107;0.3573180928080734;0.3973834225867156;0.4055773120546442;0.4018489940857782;0.37363680668761934;0.3681559625200083;0.4011019335333191;0.45991220555337037;0.5097057710204475;0.48758771317829674;0.5546984708780129;0.5338918565389853;0.5082613296094117;0.5251013872936133;0.5763518424214036;0.5472477886110589;0.5222128285421015;0.5451272454982484;0.5845261701630962;0.5563678271324847;0.5303675473774577;0.5534651784256762;0.5760371807464667;0.5574334578815224;0.5400520019683424;-2.8165302274616343e-07;-0.015926646749859892;-0.024097526890163038;-0.027727583540983952;-0.02770403850290455;-0.029572855629537015;-0.03202294231391374;-0.02558802855655196;-0.019987963381330697;-0.021126124824947638;-0.02403863301573848;-0.017772283186368233;-0.013394368289596404;-0.012045240135676387;-0.014450077627799443;-0.006788048406277823;-0.001901410881545257;-0.003861193747752457;-0.007863158636347924;-0.005352328771326869;-0.0025172208666961174;0.9832766276640549;0.9904766352819807
1764173043.8745682;0.5896292176055145;0.5448460994581069;0.5025433543724737;0.4716727443596771;0.4670360177286682;0.5301287373976278;0.48345722838184774;0.48221953328900785;0.4931152804695852;0.5514123387963622;0.4981559049998481;0.4953856111198246;0.5083488067721494;0.5665938867752313;0.5159492084183174;0.5121801376605272;0.5233290673955722;0.5762669560612372;0.5337205773215501;0.5299642414153071;0.5391869921506278;0.34977830324629583;0.3452576926937137;0.38128615246445235;0.43516668419570304;0.48470432723257434;0.4525009133840748;0.5109673103257585;0.4760432341023768;0.45222538483261365;0.4862403236744796;0.5393510065036747;0.5046175716147627;0.48307947533183954;0.507481256557158;0.5560334454484025;0.5235911582216336;0.5013134539932868;0.5193055177467883;0.5547620572143086;0.5317477479409224;0.514538853344963;-1.1254313466620753e-08;-0.013779832630682262;-0.021955264787155763;-0.026132480476683085;-0.02672977617959439;-0.030068497046906093;-0.03881586510099085;-0.038493606857087574;-0.03577939890151935;-0.025232864703696237;-0.03157133064983475;-0.028363310208447935;-0.025381625970963193;-0.02001395560906039;-0.02206186680673866;-0.014257882670852593;-0.009529177039850971;-0.015817903180452942;-0.016683366241655374;-0.010801802709588354;-0.0063673082215189815;0.33841799186278193;0.386943696307592;0.42463482189467355;0.4509721362683056;0.4682132362445421;0.40695353567437315;0.45424689968187293;0.4648642070199538;0.45993974255892484;0.3866060339654486;0.43993708242635365;0.4496143316548065;0.4440897999466542;0.3715974354333321;0.4225692863593808;0.4305780072174783;0.42498088359896136;0.36195995682783805;0.40067588464456333;0.40949235956078095;0.40644652560067557;0.375671663929701;0.37020485286875343;0.4079757428232069;0.4683362047285001;0.5173715376913071;0.4974573589059527;0.5615296698649302;0.5393030338235749;0.5140609296602319;0.5321110896683247;0.5801790670934587;0.5514632278710931;0.5266761513234809;0.5492237771262312;0.5864296196154039;0.5588153788323623;0.5327049917077229;0.5558891492072766;0.5777564870729012;0.5594527301427042;0.5422307198446815;-2.6766392036934865e-07;-0.013818251723357163;-0.020000277283779695;-0.021971116013008968;-0.020306835082998412;-0.023805142927501917;-0.02365956500039558;-0.016428978146414336;-0.010572877637526484;-0.015679656299740455;-0.015802714019375552;-0.009403166555188403;-0.005232669718979826;-0.006920304860097889;-0.007239025928612568;-0.00011256261138282986;0.004111728306196292;0.0010966529209645096;-0.0012463255852022438;0.0013724745695709584;0.004085629643810243;0.9853719796134185;0.9875086758045838
1764173043.9079013;0.5942384165651293;0.5492084179370418;0.5064119686659352;0.47469374197790243;0.4707303489752472;0.534761820080249;0.4865230032493861;0.4859211980876193;0.49711005078330067;0.5557512088340887;0.5007074890494612;0.4983814475575927;0.5116883644280172;0.5704025268070388;0.5177500070674661;0.5144132657616234;0.5258185954010189;0.5793539745730503;0.5351488693780407;0.5314011444812811;0.5406166468283994;0.3479262738220455;0.3443965444321466;0.379592272272613;0.43372412246635433;0.48385587784433315;0.45097337707762736;0.5097796344771149;0.47329541366302275;0.4489405307435842;0.4846929063450383;0.5371628070542561;0.5018595315158022;0.4801936989504451;0.5060936349608423;0.5540210619948074;0.5213188358334169;0.4989828133067782;0.5184538415956529;0.5535455959911066;0.5307120232903916;0.5133236411912685;-2.1076933318245994e-08;-0.014166719786602062;-0.022941454842200247;-0.027946925446767093;-0.029320026973714115;-0.029952250784543753;-0.039998952748290226;-0.04103219514280051;-0.039132328461536664;-0.025345903719875374;-0.03283332081143307;-0.030478996205068096;-0.02794130886424826;-0.020534098432441746;-0.023218367962258377;-0.01558811981392983;-0.010812691620226205;-0.016864490950639653;-0.017631842026834186;-0.01166394898478886;-0.007190558135150203;0.34269796638070193;0.3923112413232504;0.4300423465972186;0.4559288982810204;0.473893521769456;0.41565835784778343;0.4607542111604454;0.4699168635053098;0.46410135827836474;0.3944486575233879;0.4452305254472169;0.4546759587302617;0.44928188854710494;0.3780428801206939;0.42701060848466277;0.43522309800013725;0.42985465819061197;0.3666018208476027;0.40396834670241105;0.4134074070669177;0.41104405711557296;0.3777065211717827;0.37225374321749855;0.41484955211309477;0.4767602039036299;0.5250373043621666;0.5073270046336087;0.5683608688518474;0.5447142111081645;0.519860529711052;0.539120792043036;0.5840062917655137;0.5556786671311275;0.5311394741048603;0.5533203087542139;0.5883330690677115;0.5612629305322401;0.535042436037988;0.558313119988877;0.5794757933993356;0.561472002403886;0.5444094377210207;-2.536748179925338e-07;-0.011709856696854433;-0.015903027677396347;-0.016214648485033987;-0.012909631663092277;-0.018037430225466826;-0.015296187686877422;-0.007269927736276712;-0.0011577918937222716;-0.010233187774533276;-0.007566795023012624;-0.0010340499240085732;0.002929028851636751;-0.0017953695845193927;-2.7974229425693775e-05;0.006562923183512162;0.010124867493937841;0.006054499589681477;0.005370507465943438;0.008097277910468785;0.010688480154316605;0.9874673315627822;0.9845407163271869
1764173043.941234;0.5950061151864496;0.5499443604150543;0.5071086597448217;0.47590013225277455;0.4709283367643104;0.5356026299863883;0.4885772997829541;0.4863955624361629;0.4949789316809126;0.5563844963087949;0.5021381510810695;0.4989701899665038;0.5107398235127456;0.570839716653543;0.5188242054363179;0.5150599622298039;0.5252960300243806;0.5794576516120277;0.535418998093476;0.531289103101517;0.5397002755121233;0.34672681182777587;0.34517154933302724;0.38106678260040844;0.4341284966682504;0.4823771813403128;0.4515271145297012;0.5085982231826454;0.47662130773637273;0.454389748515967;0.4850336585302537;0.5366832698208802;0.5041166761242373;0.4831296289460455;0.5066704185903336;0.5537567358964686;0.52303976230712;0.5012746088076465;0.5194782351924331;0.5543259792774272;0.5323455606892114;0.5148986174849095;-4.199867861023075e-09;-0.013554992556879638;-0.021827332037245253;-0.026574369557566688;-0.02791215135245813;-0.028028080558958113;-0.03814979805797421;-0.03989883632166885;-0.038629703053144886;-0.023754423760393998;-0.03148884987641113;-0.029667250514208297;-0.027443959057359496;-0.019352908751408854;-0.02236640900438165;-0.015209247630122673;-0.010620172187382813;-0.01607588921043411;-0.01690333860140689;-0.011044273559437576;-0.00659016299914042;0.34792463458764267;0.3987196357465481;0.4366983085430208;0.4619252257030582;0.47959412758735653;0.4231995522481709;0.4664103441447217;0.4737845275663557;0.4662847737638329;0.4011810725363201;0.44992122052416667;0.45793012641992425;0.4510158041135361;0.3836474979462857;0.4309954583032501;0.4378162130545602;0.4311210715449674;0.37102441249879775;0.4076106387090104;0.4155012061820129;0.41176695660338053;0.377231062637582;0.37351200203992074;0.41880706377488863;0.4811048981568668;0.5291474746489707;0.5109194729272026;0.5701538859235842;0.5418013589352519;0.515682924231596;0.5414001481911218;0.5846490659403852;0.5542737058419746;0.5296291896581657;0.5543665891540762;0.5885322041836318;0.5603239522259433;0.5339672015804899;0.5587283390170099;0.5795670226020188;0.5600458282646902;0.542593094748429;-2.6659948734732613e-07;-0.009886187814342619;-0.013336650487442233;-0.013554211420325804;-0.010360721471521882;-0.013991869805943576;-0.011746934701725395;-0.005372900505998231;-0.00046317575270056087;-0.007394957327973815;-0.0045468879452002404;0.0010707004150795406;0.0042626372223380305;-0.0003091082134958069;0.0016118137978247573;0.007923036060412838;0.011178676498840237;0.00628403979987743;0.006193473815152374;0.009517127278498112;0.012394214043016391;0.9865326369149612;0.9846306336152073
1764173043.9745672;0.5944324253228755;0.5494140322745165;0.5066977676139437;0.47647289160727063;0.4699054591518025;0.535119240859342;0.4902784047844578;0.48574300675873094;0.49070875314890966;0.5557238555413739;0.5031774056533507;0.4987184148879687;0.5082939493841774;0.5700996517668174;0.5196446869853647;0.515152702967914;0.5237216913762738;0.578519595071477;0.5352847152945267;0.5306361958984334;0.5379647106577633;0.3457552156044571;0.346517871901058;0.38364764257922945;0.4351777903995845;0.48067841295049396;0.4528075984109665;0.5074189993670492;0.4820680426246149;0.46288875995993906;0.48603372833136016;0.5368003692188553;0.5081250404186521;0.4880984026768632;0.5079331400871984;0.5541028025615773;0.5261550653444017;0.5051804826966114;0.5211577213663572;0.5558036276933371;0.5349111603191526;0.5174478815110365;2.2000286824272898e-08;-0.01259456567343154;-0.019979814663248077;-0.024088965594040574;-0.02510819600649801;-0.025472613138977585;-0.03524183441363054;-0.037483294204296934;-0.03678078151510148;-0.021567753920687317;-0.02923424576595288;-0.02783329401764962;-0.02587914391119152;-0.01757764185329287;-0.020813128939846964;-0.014233582691241559;-0.009912246050313298;-0.014646469596987916;-0.015589261726957597;-0.009907170465013314;-0.005492654519906735;0.3534818725983956;0.405491477595842;0.4437902041591975;0.46828455220008236;0.4853018289160268;0.4303344270447628;0.4717692596539774;0.4772384118401628;0.4677774343928683;0.40752582105778845;0.45440144597204996;0.4605531591379594;0.45154218275998725;0.3889585129160024;0.4348209155298937;0.4396928120681801;0.4311278539222473;0.37537043785964974;0.41137508555710456;0.4169590554325403;0.41113689856765745;0.37587904328619576;0.3744941853887495;0.42174625246066877;0.48402516649139365;0.5320160893906772;0.5123200545134722;0.5701876530641269;0.5359818931273206;0.5080214433307783;0.5420277455472831;0.5841798825852635;0.5509061934885879;0.5260330202073382;0.5543477721927205;0.5881362208759817;0.558202453561976;0.5317003160425754;0.5584421351025877;0.579089754156908;0.5574165611358323;0.5393817424963152;-2.8892200137389106e-07;-0.008161940599737606;-0.011304828666589628;-0.011974857069813627;-0.009504755217259134;-0.01054765652622601;-0.009878694438229703;-0.006011651855092166;-0.0028136035991634858;-0.005467480549632013;-0.0033483260993192516;0.0009880374860738268;0.0032119892448925656;-9.341168590070565e-05;0.0013062085469989315;0.007427108485086855;0.010500769295433516;0.004862533471489023;0.004993317583968324;0.009084574317894627;0.0123899556716107;0.9845399000294136;0.9857883109761522
1764173044.0079002;0.5938587354593015;0.5488837041339786;0.5062868754830656;0.4770456509617667;0.4688825815392946;0.5346358517322958;0.49197950978596144;0.48509045108129906;0.48643857461690676;0.5550632147739529;0.5042166602256319;0.49846663980943356;0.5058480752556092;0.5693595868800917;0.5204651685344116;0.5152454437060243;0.5221473527281669;0.5775815385309263;0.5351504324955774;0.5299832886953497;0.5362291458034034;0.34478361938113833;0.34786419446908873;0.3862285025580504;0.43622708413091865;0.4789796445606751;0.4540880822922318;0.5062397755514528;0.48751477751285704;0.4713877714039111;0.4870337981324666;0.5369174686168303;0.512133404713067;0.49306717640768094;0.509195861584063;0.554448869226686;0.5292703683816834;0.5090863565855762;0.5228372075402813;0.557281276109247;0.5374767599490939;0.5199971455371635;4.820044150956887e-08;-0.011634138789983442;-0.018132297289250903;-0.02160356163051446;-0.022304240660537895;-0.02291714571899706;-0.03233387076928687;-0.03506775208692501;-0.034931859977058076;-0.01938108408098064;-0.026979641655494633;-0.025999337521090942;-0.024314328765023544;-0.01580237495517688;-0.019259848875312277;-0.013257917752360446;-0.009204319913243783;-0.013217049983541722;-0.014275184852508303;-0.008770067370589054;-0.00439514604067305;0.35903911060914856;0.41226331944513583;0.4508820997753743;0.4746438786971065;0.491009530244697;0.43746930184135474;0.47712817516323314;0.48069229611396996;0.4692700950219037;0.41387056957925683;0.45888167141993325;0.46317619185599457;0.4520685614064384;0.3942695278857192;0.43864637275653734;0.4415694110818;0.43113463629952714;0.3797164632205018;0.41513953240519874;0.4184169046830677;0.4105068405319343;0.3745270239348096;0.3754763687375783;0.4246854411464489;0.4869454348259205;0.5348847041323838;0.5137206360997418;0.5702214202046696;0.5301624273193893;0.5003599624299605;0.5426553429034443;0.5837106992301418;0.5475386811352014;0.5224368507565107;0.5543289552313648;0.5877402375683317;0.5560809548980086;0.529433430504661;0.5581559311881655;0.5786124857117972;0.5547872940069742;0.5361703902442014;-3.11244515400456e-07;-0.006437693385132594;-0.009273006845737024;-0.01039550271930145;-0.008648788962996385;-0.007103443246508443;-0.00801045417473401;-0.006650403204186101;-0.005164031445626411;-0.0035400037712902104;-0.002149764253438263;0.0009053745570681132;0.0021613412674471003;0.00012228484169439562;0.0010006032961731057;0.006931180909760873;0.009822862092026796;0.0034410271431006157;0.003793161352784273;0.008652021357291142;0.01238569730020501;0.9825471631438659;0.9869459883370971
1764173044.041233;0.5944094726307972;0.5493311841728385;0.5068598147546722;0.4777877629629189;0.4701431894326755;0.5360545886293204;0.49288810765805663;0.4873509859272679;0.49021457102332044;0.5561874082071087;0.5047042013978259;0.4996903991012731;0.5078725987267256;0.570085215255708;0.5207382617303797;0.5161799064135205;0.5237050901061135;0.5779582819859814;0.5352413099747435;0.5305937166106935;0.5373011695590926;0.34530202116813347;0.34858569715696724;0.38673741783546417;0.43666681650108896;0.4789873179858336;0.45530556000284195;0.5059158977899766;0.48457419376654776;0.46718329853961427;0.4881880136453241;0.5369238267407974;0.5113503734103542;0.4919376258775745;0.510218913418959;0.5543367812498025;0.5287698185338098;0.5085453378501386;0.5238295028239084;0.5575206510006062;0.537291855266012;0.5197005971387777;3.4501153876008255e-08;-0.01178772528038223;-0.018394531914930276;-0.022010988375170355;-0.022748051099783433;-0.022638610719091533;-0.03261478687840803;-0.03583989270416105;-0.03589219292321734;-0.019128332366152655;-0.027020154925526185;-0.026232286464009838;-0.024607783002866403;-0.01569539505612772;-0.0192936818083328;-0.013381342433786558;-0.009324649800634865;-0.01330402190571649;-0.014284733034769232;-0.008795594408726156;-0.004457850245610643;0.3627508657160325;0.4163338887012548;0.45439259682991945;0.4772132930311346;0.4919166209128945;0.4392552249155699;0.4778853428227625;0.4814624977020993;0.47035488327567604;0.41560363124129873;0.4598728899252935;0.46439604488261255;0.45352841264146515;0.39601097595055734;0.43973971431774755;0.44276650314651345;0.43264667472061014;0.38135388435407025;0.4162415281222946;0.4193409135919385;0.4116648474283246;0.3725644385550607;0.3764997069337981;0.4255209217779249;0.48764711331305594;0.5355537383113856;0.5137407916824502;0.5692480536809886;0.5294903383955903;0.4998094439641684;0.5421092022538238;0.5823151435087961;0.5468119321614374;0.5216036087157809;0.5537166254921082;0.586663237047715;0.5554803539679507;0.528770593206329;0.5572925818095187;0.5782987279119781;0.5543219990777487;0.535164586551591;-3.2106399550468423e-07;-0.005750814020388705;-0.00849394148084582;-0.009639193867495165;-0.007948903471378367;-0.006979247322273121;-0.007326135143399972;-0.005273787494254095;-0.003443758559542487;-0.0038059261811719224;-0.002269481671918372;0.0009021439986824591;0.002123097556698946;-0.0003777225220112197;0.000633652203606277;0.006653592588555228;0.009483679383500844;0.002793121228547499;0.003240446342277026;0.008310559055201575;0.012121718182406867;0.9804241636596668;0.9869446251547663
1764173044.0745661;0.5951452793993536;0.5499396017915678;0.5075946829692467;0.47855774873898066;0.47177963651284927;0.537786396704691;0.4936662666750436;0.4900909867346125;0.49531488844593863;0.5576053677415928;0.5051009359872338;0.5011570167937532;0.5106329055405315;0.5710520822826691;0.5209212602036309;0.5172529082532616;0.5257783362987951;0.5785514285492978;0.5353692466143933;0.5314120770232361;0.5388352947020376;0.3460656619282138;0.34920436065666494;0.38690531145557017;0.43700622108477266;0.47927585489902225;0.45651266751934283;0.5057328015506856;0.480253140117166;0.4608879574830115;0.4893676000216282;0.5369119579435687;0.5097787256613435;0.489804351336471;0.5112025179919296;0.5541492855387216;0.5276741349728409;0.5072724044590571;0.524708693266399;0.5575562182858765;0.5366542447078059;0.5189356560903683;1.4234811660348451e-08;-0.012124667381939111;-0.019004010906228788;-0.022894546515488032;-0.02372641174679566;-0.022734836332702575;-0.03342056113540503;-0.03713669445177816;-0.03731490144308348;-0.019193884495821947;-0.02743842187415685;-0.02680542765143718;-0.025207090048764064;-0.015862998738822024;-0.019588737883261206;-0.013685666423766795;-0.009581302458582934;-0.013640576914859615;-0.014512136843286423;-0.009012478896882434;-0.004711514012411479;0.36615887254334933;0.4199598551376466;0.45731363101311584;0.47915892521209746;0.4920335784262776;0.44016076330578;0.47788510818426705;0.4817909915957441;0.4713725397603004;0.4165776547423714;0.4602898523083309;0.46538494837493904;0.45514190425549966;0.3971649085180244;0.44038337659381577;0.4438517550710384;0.4344064634365643;0.3825454959532667;0.4169053106493485;0.42017705764711616;0.41311715217258166;0.3705013600305158;0.3775298188118898;0.42601015281756416;0.4879836337985663;0.5358607432294878;0.5135337427634142;0.5681089228919436;0.5296654569260357;0.5004293197627593;0.5413698759078355;0.5807671160349951;0.546519826787797;0.521225117269395;0.5530066094048446;0.5854741478123446;0.5551300778006439;0.5283717664236699;0.556334239981226;0.5780118823512775;0.5542128726241516;0.5345217943932769;-3.2882559957260966e-07;-0.005234675169692886;-0.00792106746967405;-0.009018350185110515;-0.007274707333493976;-0.007401493501482046;-0.006836677867034305;-0.0035654622487897303;-0.0010534884919342381;-0.0044328604586954135;-0.002606174851972407;0.0009119872248695014;0.002251485600485597;-0.0009955276855264658;0.000256604190689572;0.006411940754575757;0.009200247385182807;0.002272542310241393;0.0027942937694326246;0.00798408937685847;0.011814991591999148;0.978279724236821;0.9867524953334001
1764173044.1078992;0.5958810861679099;0.550548019410297;0.5083295511838213;0.47932773451504246;0.473416083593023;0.5395182047800614;0.49444442569203056;0.49283098754195714;0.5004152058685568;0.5590233272760767;0.5054976705766417;0.5026236344862335;0.5133932123543375;0.5720189493096303;0.5211042586768823;0.5183259100930028;0.5278515824914766;0.5791445751126141;0.5354971832540433;0.5322304374357787;0.5403694198449825;0.34682930268829415;0.34982302415636257;0.38707320507567616;0.43734562566845636;0.47956439181221094;0.45771977503584366;0.5055497053113944;0.4759320864677843;0.45459261642640875;0.49054718639793227;0.53690008914634;0.5082070779123328;0.4876710767953675;0.5121861225649003;0.5539617898276407;0.5265784514118719;0.5059994710679756;0.5255878837088898;0.5575917855711467;0.5360166341495998;0.5181707150419589;-6.031530555311352e-09;-0.012461609483495992;-0.019613489897527297;-0.023778104655805706;-0.02470477239380789;-0.022831061946313617;-0.03422633539240203;-0.038433496199395276;-0.03873760996294961;-0.019259436625491243;-0.02785668882278751;-0.027378568838864522;-0.025806397094661728;-0.016030602421516327;-0.01988379395818961;-0.01398999041374703;-0.009837955116531003;-0.01397713192400274;-0.014739540651803615;-0.009229363385038714;-0.004965177779212314;0.3695668793706662;0.42358582157403835;0.4602346651963123;0.48110455739306035;0.4921505359396607;0.44106630169599015;0.4778848735457716;0.4821194854893889;0.4723901962449248;0.4175516782434441;0.46070681469136826;0.46637385186726554;0.4567553958695342;0.3983188410854915;0.4410270388698839;0.4449370069955634;0.4361662521525185;0.3837371075524631;0.41756909317640245;0.4210132017022938;0.4145694569168387;0.3684382815059709;0.37855993068998156;0.4264993838572034;0.4883201542840766;0.53616774814759;0.5133266938443782;0.5669697921028984;0.5298405754564811;0.5010491955613502;0.5406305495618472;0.5792190885611941;0.5462277214141565;0.5208466258230092;0.552296593317581;0.5842850585769744;0.5547798016333373;0.5279729396410109;0.5553758981529332;0.577725036790577;0.5541037461705545;0.5338790022349627;-3.3658720364053504e-07;-0.004718536318997066;-0.007348193458502282;-0.008397506502725863;-0.006600511195609586;-0.007823739680690972;-0.006347220590668637;-0.0018571370033253652;0.0013367815756740098;-0.005059794736218905;-0.0029428680320264422;0.0009218304510565439;0.0023798736442722486;-0.0016133328490417122;-0.00012044382222713308;0.006170288920596285;0.008916815386864773;0.001751963391935287;0.0023481411965882238;0.007657619698515364;0.011508265001591429;0.9761352848139752;0.9865603655120339
1764173044.141232;0.5960957004406789;0.5511030014533407;0.5094167552452002;0.4804669728065504;0.47403315833707205;0.5399184324815726;0.495019603075327;0.4945317816148697;0.5033647650272043;0.5591613531127553;0.5056880671682187;0.503537059132867;0.5148284442899369;0.5719178468605961;0.520830050971197;0.5186797016948472;0.5287625198333402;0.5789149515387375;0.5350372363872111;0.5321090532828477;0.5406145167627083;0.346570055289467;0.3492415957674497;0.38614936713156794;0.4347941798417324;0.47518647978776146;0.4581216634484391;0.5041347572398254;0.4733093067439679;0.4515710307570006;0.4909936617144073;0.536234094266109;0.5066138496758282;0.4857978174142287;0.5124661354907892;0.553626277908047;0.5254817325827636;0.5049070829654221;0.5254707086912486;0.5572594541372902;0.5352303747608829;0.5174441022565458;-2.2033590617235227e-08;-0.01232433650202443;-0.01958313804491954;-0.023882914126804187;-0.024876720476112297;-0.023062683335894316;-0.0346111062125761;-0.03888384300890399;-0.039223738854769916;-0.0196063423844778;-0.028271074558396166;-0.027519190889948246;-0.025750948628884433;-0.016485357776830488;-0.02042025498467917;-0.014339007423141373;-0.01003892712967229;-0.014532973461369416;-0.015309816117963034;-0.0097239851175978;-0.005415207075940598;0.3691176680157721;0.42255513745906864;0.45936172996968533;0.48106770305130914;0.49274927998786633;0.44009335375933933;0.47847392031674235;0.4818010986036076;0.47143103750290627;0.4171079898218629;0.46145381042752975;0.46619916029065334;0.4560384782679292;0.39844166445242485;0.44183104002979995;0.4450787166006985;0.4358152504970447;0.38439608156062205;0.4185688332117282;0.42135746714769234;0.41419049627062443;0.367404281834469;0.37578381297839414;0.42132429834353324;0.48269930916472353;0.531098893134921;0.5090067441989161;0.5616860716647665;0.524657480418217;0.4965447620844385;0.5374490218732924;0.5747197892508558;0.5412936342551053;0.5168423319733031;0.5503277914488014;0.5808489195059476;0.5510755764634686;0.5251600644340483;0.554604982780866;0.5755606843639369;0.5514269452776539;0.531594733852728;-3.423834271809069e-07;-0.0061376222647520386;-0.009612066668926826;-0.011178600034446816;-0.009772399522802615;-0.010347251876813766;-0.009218136074898006;-0.004479270935733248;-0.0011403829630415735;-0.006993639621976483;-0.005584359912362994;-0.0016934422912078177;-0.0001703999537279498;-0.002947096018159492;-0.002273408831473158;0.003801064112164738;0.006489875503151332;0.000947729614225632;0.0005257871456351751;0.005232864357542777;0.00878516616931967;0.9763051660683805;0.9862446333668964
1764173044.174565;0.5961883300227638;0.5516454769422336;0.5105864232323587;0.48169263435672977;0.4744116497935272;0.5400070048516288;0.4955472727680859;0.49598935017497997;0.5058109409182732;0.5589998114815884;0.5058301705148907;0.5043210093854298;0.5159535435001846;0.5715667870018862;0.5204488345215883;0.5188651627103615;0.5294014197095984;0.5784927592661538;0.5344396958514828;0.5317677226589527;0.5405579176456532;0.34607140172750933;0.3483792868228726;0.3849700102798637;0.4315661327669512;0.46971638908681096;0.4583350909677622;0.502431495222941;0.47108400668684186;0.44931566494208086;0.4912685529681929;0.5354150016944332;0.5050155705433246;0.48398541437526266;0.5125814733491533;0.553256122912128;0.5243847714499678;0.5038569513445976;0.5251203351271108;0.5568410162997179;0.5344093242311634;0.5167264601707183;-3.703759881978283e-08;-0.01207607385610345;-0.019403034290250736;-0.023805458088772057;-0.024859928336589242;-0.023325993999562988;-0.03489734151193412;-0.03913607771081747;-0.03949066202672336;-0.020019098737482005;-0.02868455189917221;-0.027558582179867314;-0.025542255154380043;-0.017007320753603318;-0.021013216648809976;-0.014698484798318107;-0.010226867132013824;-0.015140138836920189;-0.015960340423927164;-0.010283611032150662;-0.0059111955693627;0.36776567780150954;0.4204345679721424;0.4576008192087534;0.48056684930969423;0.49346078579281477;0.438680747586262;0.4792008879346951;0.4813313097839426;0.4700092067233759;0.41633248704807596;0.46227805020849555;0.4657521302101038;0.45477613023584984;0.39832315752794895;0.4426725683784397;0.4449995908735744;0.4349702200275744;0.38493039216262176;0.4196472038356769;0.42158660879420073;0.4133829294107312;0.3666111372531549;0.37211685024712055;0.4148234840285516;0.4756841473457335;0.5247718223648937;0.503724173397196;0.5554323133031358;0.5182202997396534;0.4908409880817238;0.5336958988955317;0.5695297471055482;0.5352730949371461;0.5119894219439206;0.5480643717652279;0.5768868602012834;0.5465863621869745;0.521782183106093;0.5538779344223753;0.5729569029429229;0.5481491822166721;0.5289262792608708;-3.477196549660287e-07;-0.008009646040785579;-0.012539878318934744;-0.014755914275682683;-0.013844460871690683;-0.013362563719305578;-0.01287554414123078;-0.008114945407582666;-0.004756766714767687;-0.009233365900090768;-0.008765288102346568;-0.00492312134593813;-0.003347612186612581;-0.004448428591215729;-0.004842025806603182;0.0009338825347960647;0.00356124929722014;7.710664141996268e-05;-0.0016186657708676974;0.0023170069197600163;0.005496517328396457;0.9770167122435978;0.9858999721958137
1764173044.2078981;0.5962809596048486;0.5521879524311266;0.511756091219517;0.48291829590690916;0.47479014124998237;0.5400955772216851;0.4960749424608449;0.4974469187350902;0.5082571168093419;0.5588382698504215;0.5059722738615625;0.5051049596379926;0.5170786427104322;0.5712157271431765;0.5200676180719797;0.519050623725876;0.5300403195858567;0.5780705669935702;0.5338421553157544;0.5314263920350576;0.5405013185285981;0.34557274816555167;0.34751697787829555;0.38379065342815954;0.42833808569217;0.46424629838586046;0.4585485184870854;0.5007282332060565;0.4688587066297158;0.44706029912716105;0.4915434442219785;0.5345959091227573;0.5034172914108209;0.48217301133629664;0.5126968112075173;0.5528859679162091;0.523287810317172;0.5028068197237732;0.524769961562973;0.5564225784621458;0.5335882737014439;0.5160088180848909;-5.204160702233042e-08;-0.01182781121018247;-0.01922293053558193;-0.023728002050739928;-0.024843136197066188;-0.023589304663231662;-0.03518357681129214;-0.03938831241273096;-0.03975758519867681;-0.020431855090486208;-0.02909802923994826;-0.02759797346978638;-0.025333561679875653;-0.017529283730376148;-0.02160617831294078;-0.01505796217349484;-0.010414807134355358;-0.015747304212470965;-0.016610864729891296;-0.010843236946703525;-0.006407184062784803;0.3664136875872469;0.41831399848521617;0.4558399084478214;0.4800659955680793;0.49417229159776316;0.43726814141318465;0.4799278555526479;0.4808615209642777;0.46858737594384564;0.41555698427428905;0.46310228998946135;0.4653051001295543;0.4535137822037704;0.39820465060347304;0.4435140967270795;0.4449204651464503;0.4341251895581041;0.38546470276462147;0.4207255744596255;0.4218157504407092;0.412575362550838;0.36581799267184084;0.3684498875158469;0.40832266971357;0.4686689855267434;0.5184447515948664;0.4984416025954758;0.549178554941505;0.5117831190610899;0.48513721407900906;0.5299427759177711;0.5643397049602404;0.5292525556191868;0.5071365119145382;0.5458009520816544;0.5729248008966193;0.5420971479104805;0.5184043017781378;0.5531508860638847;0.570353121521909;0.5448714191556902;0.5262578246690136;-3.530558827511505e-07;-0.00988166981681912;-0.015467689968942658;-0.01833322851691855;-0.01791652222057875;-0.01637787556179739;-0.016532952207563557;-0.011750619879432085;-0.0083731504664938;-0.011473092178205052;-0.011946216292330145;-0.008152800400668443;-0.0065248244194972115;-0.005949761164271967;-0.007410642781733205;-0.001933299042572608;0.0006326230912889474;-0.0007935163313857068;-0.00376311868737057;-0.0005988505180227442;0.0022078684874732423;0.9777282584188152;0.9855553110247309
